[(82.2,94.1);1.0] [(61.4,80.2);0.5] [(55.4,53.5);0.5] 2#[0;25;128;(50.5,44.6);5.0]
[(78.2,72.3);1.0] [(20.8,79.2);0.5] [(53.5,1.0);0.5] 2#[0;25;128;(52.5,42.6);5.0]
[(67.3,52.5);1.0] [(62.4,18.8);0.5] [(48.5,49.5);0.5] 2#[0;25;128;(45.5,60.4);5.0]
[(18.8,57.4);1.0] [(44.6,96.0);0.5] [(47.5,80.2);0.5] 2#[0;25;128;(77.2,55.4);5.0]
[(49.5,37.6);1.0] [(80.2,93.1);0.5] [(19.8,66.3);0.5] 2#[0;25;128;(77.2,46.5);5.0]
[(64.4,78.2);1.0] [(75.2,12.9);0.5] [(25.7,19.8);0.5] 2#[0;25;128;(93.1,97.0);5.0]
[(64.4,17.8);1.0] [(62.4,44.6);0.5] [(49.5,9.9);0.5] 2#[0;25;128;(5.9,52.5);5.0]
[(75.2,79.2);1.0] [(76.2,34.7);0.5] [(13.9,3.0);0.5] 2#[0;25;128;(24.8,66.3);5.0]
[(1.0,72.3);1.0] [(39.6,47.5);0.5] [(21.8,20.8);0.5] 2#[0;25;128;(58.4,77.2);5.0]
[(88.1,81.2);1.0] [(90.1,9.9);0.5] [(58.4,47.5);0.5] 2#[0;25;128;(77.2,23.8);5.0]
[(34.7,81.2);1.0] [(60.4,15.8);0.5] [(63.4,72.3);0.5] 2#[0;25;128;(85.1,69.3);5.0]
[(30.7,40.6);1.0] [(24.8,56.4);0.5] [(53.5,8.9);0.5] 2#[0;25;128;(87.1,81.2);5.0]
[(33.7,92.1);1.0] [(93.1,93.1);0.5] [(91.1,53.5);0.5] 2#[0;25;128;(87.1,15.8);5.0]
[(99.0,70.3);1.0] [(33.7,58.4);0.5] [(36.6,56.4);0.5] 2#[0;25;128;(5.9,17.8);5.0]
[(75.2,95.0);1.0] [(91.1,49.5);0.5] [(1.0,18.8);0.5] 2#[0;25;128;(50.5,45.5);5.0]
[(18.8,62.4);1.0] [(61.4,97.0);0.5] [(46.5,54.5);0.5] 2#[0;25;128;(27.7,37.6);5.0]
[(34.7,31.7);1.0] [(15.8,62.4);0.5] [(11.9,58.4);0.5] 2#[0;25;128;(92.1,39.6);5.0]
[(29.7,83.2);1.0] [(58.4,20.8);0.5] [(5.9,48.5);0.5] 2#[0;25;128;(79.2,9.9);5.0]
[(56.4,4.0);1.0] [(62.4,43.6);0.5] [(13.9,60.4);0.5] 2#[0;25;128;(78.2,76.2);5.0]
[(57.4,24.8);1.0] [(15.8,35.6);0.5] [(80.2,74.3);0.5] 2#[0;25;128;(3.0,91.1);5.0]
[(1.0,38.6);1.0] [(56.4,68.3);0.5] [(24.8,2.0);0.5] 2#[0;25;128;(35.6,76.2);5.0]
[(32.7,60.4);1.0] [(99.0,25.7);0.5] [(67.3,54.5);0.5] 2#[0;25;128;(45.5,84.2);5.0]
[(4.0,46.5);1.0] [(69.3,29.7);0.5] [(19.8,3.0);0.5] 2#[0;25;128;(92.1,23.8);5.0]
[(42.6,77.2);1.0] [(64.4,24.8);0.5] [(87.1,62.4);0.5] 2#[0;25;128;(44.6,49.5);5.0]
[(72.3,44.6);1.0] [(59.4,52.5);0.5] [(2.0,79.2);0.5] 2#[0;25;128;(14.9,37.6);5.0]
[(28.7,25.7);1.0] [(90.1,4.0);0.5] [(84.2,21.8);0.5] 2#[0;25;128;(91.1,19.8);5.0]
[(99.0,11.9);1.0] [(12.9,8.9);0.5] [(24.8,10.9);0.5] 2#[0;25;128;(39.6,54.5);5.0]
[(11.9,12.9);1.0] [(82.2,42.6);0.5] [(49.5,21.8);0.5] 2#[0;25;128;(54.5,7.9);5.0]
[(14.9,55.4);1.0] [(45.5,69.3);0.5] [(4.0,47.5);0.5] 2#[0;25;128;(30.7,30.7);5.0]
[(76.2,90.1);1.0] [(51.5,49.5);0.5] [(49.5,76.2);0.5] 2#[0;25;128;(68.3,43.6);5.0]
[(90.1,92.1);1.0] [(69.3,95.0);0.5] [(23.8,43.6);0.5] 2#[0;25;128;(15.8,70.3);5.0]
[(22.8,67.3);1.0] [(79.2,24.8);0.5] [(37.6,21.8);0.5] 2#[0;25;128;(61.4,70.3);5.0]
[(56.4,16.8);1.0] [(80.2,26.7);0.5] [(78.2,91.1);0.5] 2#[0;25;128;(57.4,24.8);5.0]
[(2.0,10.9);1.0] [(97.0,45.5);0.5] [(49.5,63.4);0.5] 2#[0;25;128;(89.1,74.3);5.0]
[(24.8,32.7);1.0] [(76.2,68.3);0.5] [(96.0,99.0);0.5] 2#[0;25;128;(49.5,45.5);5.0]
[(49.5,41.6);1.0] [(56.4,24.8);0.5] [(47.5,84.2);0.5] 2#[0;25;128;(38.6,12.9);5.0]
[(67.3,22.8);1.0] [(70.3,34.7);0.5] [(96.0,41.6);0.5] 2#[0;25;128;(54.5,36.6);5.0]
[(77.2,45.5);1.0] [(37.6,91.1);0.5] [(7.9,54.5);0.5] 2#[0;25;128;(32.7,22.8);5.0]
[(76.2,33.7);1.0] [(82.2,16.8);0.5] [(60.4,56.4);0.5] 2#[0;25;128;(3.0,65.3);5.0]
[(15.8,92.1);1.0] [(50.5,3.0);0.5] [(79.2,90.1);0.5] 2#[0;25;128;(63.4,21.8);5.0]
[(39.6,63.4);1.0] [(79.2,26.7);0.5] [(53.5,42.6);0.5] 2#[0;25;128;(31.7,95.0);5.0]
[(7.9,58.4);1.0] [(5.9,31.7);0.5] [(55.4,49.5);0.5] 2#[0;25;128;(45.5,88.1);5.0]
[(93.1,56.4);1.0] [(69.3,3.0);0.5] [(90.1,88.1);0.5] 2#[0;25;128;(3.0,30.7);5.0]
[(47.5,51.5);1.0] [(97.0,57.4);0.5] [(83.2,5.0);0.5] 2#[0;25;128;(65.3,16.8);5.0]
[(67.3,64.4);1.0] [(53.5,68.3);0.5] [(90.1,34.7);0.5] 2#[0;25;128;(77.2,4.0);5.0]
[(72.3,85.1);1.0] [(74.3,59.4);0.5] [(12.9,76.2);0.5] 2#[0;25;128;(44.6,7.9);5.0]
[(72.3,29.7);1.0] [(57.4,1.0);0.5] [(31.7,80.2);0.5] 2#[0;25;128;(98.0,23.8);5.0]
[(77.2,6.9);1.0] [(7.9,88.1);0.5] [(59.4,87.1);0.5] 2#[0;25;128;(75.2,7.9);5.0]
[(79.2,9.9);1.0] [(30.7,57.4);0.5] [(64.4,70.3);0.5] 2#[0;25;128;(87.1,49.5);5.0]
[(89.1,72.3);1.0] [(4.0,5.9);0.5] [(34.7,92.1);0.5] 2#[0;25;128;(13.9,81.2);5.0]
[(89.1,55.4);1.0] [(94.1,83.2);0.5] [(71.3,98.0);0.5] 2#[0;25;128;(57.4,94.1);5.0]
[(75.2,39.6);1.0] [(21.8,51.5);0.5] [(99.0,9.9);0.5] 2#[0;25;128;(34.7,82.2);5.0]
[(88.1,63.4);1.0] [(72.3,66.3);0.5] [(93.1,44.6);0.5] 2#[0;25;128;(73.3,23.8);5.0]
[(99.0,55.4);1.0] [(9.9,20.8);0.5] [(32.7,57.4);0.5] 2#[0;25;128;(78.2,73.3);5.0]
[(3.0,37.6);1.0] [(5.0,27.7);0.5] [(44.6,46.5);0.5] 2#[0;25;128;(48.5,26.7);5.0]
[(92.1,88.1);1.0] [(96.0,10.9);0.5] [(65.3,15.8);0.5] 2#[0;25;128;(49.5,86.1);5.0]
[(60.4,48.5);1.0] [(99.0,35.6);0.5] [(89.1,75.2);0.5] 2#[0;25;128;(15.8,22.8);5.0]
[(58.4,49.5);1.0] [(3.0,39.6);0.5] [(47.5,88.1);0.5] 2#[0;25;128;(94.1,84.2);5.0]
[(21.8,25.7);1.0] [(92.1,4.0);0.5] [(0.0,1.0);0.5] 2#[0;25;128;(28.7,60.4);5.0]
[(27.7,73.3);1.0] [(86.1,27.7);0.5] [(61.4,30.7);0.5] 2#[0;25;128;(87.1,8.9);5.0]
[(73.3,41.6);1.0] [(90.1,47.5);0.5] [(94.1,22.8);0.5] 2#[0;25;128;(28.7,14.9);5.0]
[(31.7,62.4);1.0] [(7.9,67.3);0.5] [(21.8,72.3);0.5] 2#[0;25;128;(63.4,90.1);5.0]
[(19.8,59.4);1.0] [(88.1,40.6);0.5] [(72.3,47.5);0.5] 2#[0;25;128;(66.3,32.7);5.0]
[(55.4,13.9);1.0] [(43.6,11.9);0.5] [(57.4,75.2);0.5] 2#[0;25;128;(67.3,14.9);5.0]
[(48.5,97.0);1.0] [(40.6,62.4);0.5] [(32.7,65.3);0.5] 2#[0;25;128;(36.6,33.7);5.0]
[(66.3,50.5);1.0] [(46.5,75.2);0.5] [(27.7,93.1);0.5] 2#[0;25;128;(21.8,97.0);5.0]
[(77.2,6.9);1.0] [(58.4,2.0);0.5] [(23.8,12.9);0.5] 2#[0;25;128;(65.3,63.4);5.0]
[(33.7,68.3);1.0] [(16.8,87.1);0.5] [(62.4,35.6);0.5] 2#[0;25;128;(56.4,74.3);5.0]
[(5.9,6.9);1.0] [(53.5,18.8);0.5] [(64.4,5.0);0.5] 2#[0;25;128;(37.6,47.5);5.0]
[(20.8,28.7);1.0] [(44.6,27.7);0.5] [(12.9,35.6);0.5] 2#[0;25;128;(34.7,92.1);5.0]
[(60.4,63.4);1.0] [(30.7,97.0);0.5] [(79.2,18.8);0.5] 2#[0;25;128;(57.4,12.9);5.0]
[(96.0,72.3);1.0] [(23.8,18.8);0.5] [(3.0,99.0);0.5] 2#[0;25;128;(10.9,38.6);5.0]
[(44.6,57.4);1.0] [(75.2,79.2);0.5] [(29.7,86.1);0.5] 2#[0;25;128;(51.5,93.1);5.0]
[(32.7,67.3);1.0] [(96.0,23.8);0.5] [(12.9,22.8);0.5] 2#[0;25;128;(48.5,17.8);5.0]
[(83.2,10.9);1.0] [(38.6,24.8);0.5] [(51.5,1.0);0.5] 2#[0;25;128;(71.3,14.9);5.0]
[(44.6,35.6);1.0] [(65.3,76.2);0.5] [(78.2,14.9);0.5] 2#[0;25;128;(47.5,42.6);5.0]
[(48.5,91.1);1.0] [(25.7,23.8);0.5] [(78.2,67.3);0.5] 2#[0;25;128;(87.1,90.1);5.0]
[(23.8,60.4);1.0] [(77.2,4.0);0.5] [(90.1,17.8);0.5] 2#[0;25;128;(38.6,54.5);5.0]
[(57.4,59.4);1.0] [(29.7,5.9);0.5] [(86.1,60.4);0.5] 2#[0;25;128;(61.4,16.8);5.0]
[(83.2,15.8);1.0] [(55.4,67.3);0.5] [(20.8,5.0);0.5] 2#[0;25;128;(14.9,31.7);5.0]
[(35.6,54.5);1.0] [(64.4,38.6);0.5] [(66.3,18.8);0.5] 2#[0;25;128;(0.0,95.0);5.0]
[(26.7,42.6);1.0] [(31.7,62.4);0.5] [(12.9,10.9);0.5] 2#[0;25;128;(68.3,92.1);5.0]
[(4.0,98.0);1.0] [(34.7,86.1);0.5] [(62.4,67.3);0.5] 2#[0;25;128;(1.0,84.2);5.0]
[(63.4,86.1);1.0] [(94.1,29.7);0.5] [(97.0,39.6);0.5] 2#[0;25;128;(68.3,62.4);5.0]
[(67.3,48.5);1.0] [(38.6,29.7);0.5] [(6.9,76.2);0.5] 2#[0;25;128;(3.0,96.0);5.0]
[(12.9,29.7);1.0] [(52.5,36.6);0.5] [(72.3,11.9);0.5] 2#[0;25;128;(35.6,4.0);5.0]
[(19.8,87.1);1.0] [(78.2,49.5);0.5] [(93.1,42.6);0.5] 2#[0;25;128;(34.7,4.0);5.0]
[(37.6,60.4);1.0] [(32.7,73.3);0.5] [(88.1,12.9);0.5] 2#[0;25;128;(1.0,43.6);5.0]
[(12.9,16.8);1.0] [(63.4,51.5);0.5] [(42.6,35.6);0.5] 2#[0;25;128;(71.3,3.0);5.0]
[(37.6,43.6);1.0] [(34.7,61.4);0.5] [(18.8,49.5);0.5] 2#[0;25;128;(13.9,4.0);5.0]
[(5.0,27.7);1.0] [(14.9,28.7);0.5] [(60.4,48.5);0.5] 2#[0;25;128;(26.7,46.5);5.0]
[(10.9,39.6);1.0] [(22.8,84.2);0.5] [(47.5,68.3);0.5] 2#[0;25;128;(2.0,67.3);5.0]
[(80.2,0.0);1.0] [(58.4,13.9);0.5] [(52.5,14.9);0.5] 2#[0;25;128;(6.9,35.6);5.0]
[(96.0,91.1);1.0] [(93.1,32.7);0.5] [(7.9,85.1);0.5] 2#[0;25;128;(31.7,29.7);5.0]
[(86.1,96.0);1.0] [(87.1,16.8);0.5] [(38.6,85.1);0.5] 2#[0;25;128;(17.8,11.9);5.0]
[(46.5,93.1);1.0] [(95.0,40.6);0.5] [(99.0,98.0);0.5] 2#[0;25;128;(94.1,42.6);5.0]
[(30.7,52.5);1.0] [(74.3,12.9);0.5] [(52.5,11.9);0.5] 2#[0;25;128;(44.6,28.7);5.0]
[(94.1,49.5);1.0] [(26.7,31.7);0.5] [(38.6,3.0);0.5] 2#[0;25;128;(5.9,96.0);5.0]
[(55.4,21.8);1.0] [(57.4,84.2);0.5] [(18.8,33.7);0.5] 2#[0;25;128;(88.1,18.8);5.0]
[(27.7,57.4);1.0] [(41.6,79.2);0.5] [(13.9,70.3);0.5] 2#[0;25;128;(8.9,92.1);5.0]
[(4.0,24.8);1.0] [(33.7,17.8);0.5] [(67.3,19.8);0.5] 2#[0;25;128;(44.6,5.9);5.0]
[(71.3,8.9);1.0] [(46.5,0.0);0.5] [(51.5,28.7);0.5] 2#[0;25;128;(61.4,37.6);5.0]
[(13.9,5.9);1.0] [(51.5,82.2);0.5] [(60.4,37.6);0.5] 2#[0;25;128;(79.2,67.3);5.0]
[(92.1,69.3);1.0] [(47.5,81.2);0.5] [(36.6,21.8);0.5] 2#[0;25;128;(1.0,16.8);5.0]
[(53.5,72.3);1.0] [(11.9,50.5);0.5] [(40.6,21.8);0.5] 2#[0;25;128;(28.7,88.1);5.0]
[(63.4,92.1);1.0] [(13.9,19.8);0.5] [(43.6,44.6);0.5] 2#[0;25;128;(79.2,81.2);5.0]
[(19.8,45.5);1.0] [(11.9,25.7);0.5] [(20.8,33.7);0.5] 2#[0;25;128;(32.7,32.7);5.0]
[(22.8,82.2);1.0] [(78.2,69.3);0.5] [(68.3,93.1);0.5] 2#[0;25;128;(17.8,9.9);5.0]
[(22.8,4.0);1.0] [(51.5,14.9);0.5] [(16.8,62.4);0.5] 2#[0;25;128;(83.2,80.2);5.0]
[(17.8,27.7);1.0] [(26.7,95.0);0.5] [(78.2,84.2);0.5] 2#[0;25;128;(54.5,64.4);5.0]
[(45.5,21.8);1.0] [(17.8,52.5);0.5] [(69.3,36.6);0.5] 2#[0;25;128;(4.0,8.9);5.0]
[(99.0,43.6);1.0] [(27.7,70.3);0.5] [(80.2,0.0);0.5] 2#[0;25;128;(2.0,15.8);5.0]
[(36.6,10.9);1.0] [(79.2,58.4);0.5] [(99.0,53.5);0.5] 2#[0;25;128;(10.9,43.6);5.0]
[(74.3,31.7);1.0] [(88.1,0.0);0.5] [(49.5,63.4);0.5] 2#[0;25;128;(61.4,96.0);5.0]
[(8.9,53.5);1.0] [(94.1,72.3);0.5] [(93.1,76.2);0.5] 2#[0;25;128;(23.8,84.2);5.0]
[(7.9,16.8);1.0] [(86.1,9.9);0.5] [(75.2,34.7);0.5] 2#[0;25;128;(42.6,39.6);5.0]
[(5.0,5.9);1.0] [(43.6,17.8);0.5] [(22.8,67.3);0.5] 2#[0;25;128;(69.3,86.1);5.0]
[(89.1,41.6);1.0] [(90.1,81.2);0.5] [(88.1,87.1);0.5] 2#[0;25;128;(54.5,72.3);5.0]
[(7.9,8.9);1.0] [(78.2,31.7);0.5] [(63.4,19.8);0.5] 2#[0;25;128;(83.2,33.7);5.0]
[(88.1,83.2);1.0] [(49.5,89.1);0.5] [(24.8,61.4);0.5] 2#[0;25;128;(82.2,38.6);5.0]
[(94.1,71.3);1.0] [(62.4,1.0);0.5] [(71.3,28.7);0.5] 2#[0;25;128;(55.4,33.7);5.0]
[(55.4,37.6);1.0] [(38.6,82.2);0.5] [(13.9,93.1);0.5] 2#[0;25;128;(98.0,21.8);5.0]
[(79.2,2.0);1.0] [(89.1,93.1);0.5] [(94.1,89.1);0.5] 2#[0;25;128;(81.2,99.0);5.0]
[(42.6,27.7);1.0] [(27.7,89.1);0.5] [(29.7,20.8);0.5] 2#[0;25;128;(23.8,58.4);5.0]
[(96.0,95.0);1.0] [(68.3,34.7);0.5] [(65.3,18.8);0.5] 2#[0;25;128;(36.6,14.9);5.0]
[(76.2,63.4);1.0] [(57.4,36.6);0.5] [(83.2,88.1);0.5] 2#[0;25;128;(80.2,33.7);5.0]
[(68.3,83.2);1.0] [(51.5,24.8);0.5] [(34.7,68.3);0.5] 2#[0;25;128;(5.0,73.3);5.0]
[(39.6,1.0);1.0] [(54.5,8.9);0.5] [(94.1,63.4);0.5] 2#[0;25;128;(41.6,23.8);5.0]
[(52.5,17.8);1.0] [(86.1,73.3);0.5] [(14.9,54.5);0.5] 2#[0;25;128;(64.4,52.5);5.0]
[(29.7,94.1);1.0] [(33.7,18.8);0.5] [(32.7,25.7);0.5] 2#[0;25;128;(85.1,6.9);5.0]
[(9.9,46.5);1.0] [(91.1,39.6);0.5] [(49.5,86.1);0.5] 2#[0;25;128;(90.1,65.3);5.0]
[(19.8,5.0);1.0] [(65.3,96.0);0.5] [(85.1,39.6);0.5] 2#[0;25;128;(34.7,18.8);5.0]
[(61.4,42.6);1.0] [(69.3,22.8);0.5] [(83.2,31.7);0.5] 2#[0;25;128;(85.1,34.7);5.0]
[(32.7,2.0);1.0] [(35.6,80.2);0.5] [(8.9,90.1);0.5] 2#[0;25;128;(23.8,74.3);5.0]
[(76.2,85.1);1.0] [(65.3,25.7);0.5] [(69.3,44.6);0.5] 2#[0;25;128;(83.2,0.0);5.0]
[(41.6,7.9);1.0] [(20.8,90.1);0.5] [(0.0,16.8);0.5] 2#[0;25;128;(46.5,27.7);5.0]
[(72.3,20.8);1.0] [(98.0,17.8);0.5] [(78.2,29.7);0.5] 2#[0;25;128;(13.9,33.7);5.0]
[(43.6,41.6);1.0] [(35.6,23.8);0.5] [(4.0,38.6);0.5] 2#[0;25;128;(94.1,64.4);5.0]
[(94.1,0.0);1.0] [(85.1,74.3);0.5] [(83.2,37.6);0.5] 2#[0;25;128;(84.2,20.8);5.0]
[(78.2,7.9);1.0] [(87.1,84.2);0.5] [(96.0,25.7);0.5] 2#[0;25;128;(71.3,64.4);5.0]
[(41.6,46.5);1.0] [(25.7,26.7);0.5] [(77.2,78.2);0.5] 2#[0;25;128;(14.9,51.5);5.0]
[(62.4,87.1);1.0] [(48.5,3.0);0.5] [(88.1,79.2);0.5] 2#[0;25;128;(59.4,29.7);5.0]
[(55.4,60.4);1.0] [(80.2,49.5);0.5] [(12.9,52.5);0.5] 2#[0;25;128;(40.6,64.4);5.0]
[(49.5,83.2);1.0] [(73.3,42.6);0.5] [(60.4,33.7);0.5] 2#[0;25;128;(36.6,5.9);5.0]
[(26.7,54.5);1.0] [(61.4,31.7);0.5] [(16.8,57.4);0.5] 2#[0;25;128;(23.8,5.9);5.0]
[(18.8,45.5);1.0] [(0.0,70.3);0.5] [(87.1,23.8);0.5] 2#[0;25;128;(83.2,17.8);5.0]
[(50.5,55.4);1.0] [(74.3,52.5);0.5] [(31.7,82.2);0.5] 2#[0;25;128;(46.5,12.9);5.0]
[(61.4,95.0);1.0] [(17.8,30.7);0.5] [(39.6,74.3);0.5] 2#[0;25;128;(3.0,86.1);5.0]
[(40.6,60.4);1.0] [(1.0,26.7);0.5] [(44.6,72.3);0.5] 2#[0;25;128;(85.1,42.6);5.0]
[(64.4,69.3);1.0] [(49.5,5.9);0.5] [(8.9,71.3);0.5] 2#[0;25;128;(37.6,40.6);5.0]
[(94.1,32.7);1.0] [(5.9,42.6);0.5] [(92.1,85.1);0.5] 2#[0;25;128;(91.1,64.4);5.0]
[(34.7,3.0);1.0] [(78.2,75.2);0.5] [(83.2,90.1);0.5] 2#[0;25;128;(22.8,20.8);5.0]
[(88.1,20.8);1.0] [(40.6,9.9);0.5] [(17.8,5.9);0.5] 2#[0;25;128;(29.7,36.6);5.0]
[(11.9,7.9);1.0] [(30.7,44.6);0.5] [(70.3,77.2);0.5] 2#[0;25;128;(71.3,96.0);5.0]
[(29.7,78.2);1.0] [(21.8,40.6);0.5] [(11.9,10.9);0.5] 2#[0;25;128;(43.6,41.6);5.0]
[(42.6,39.6);1.0] [(58.4,81.2);0.5] [(57.4,45.5);0.5] 2#[0;25;128;(36.6,19.8);5.0]
[(59.4,55.4);1.0] [(90.1,7.9);0.5] [(58.4,2.0);0.5] 2#[0;25;128;(30.7,92.1);5.0]
[(68.3,29.7);1.0] [(31.7,33.7);0.5] [(32.7,61.4);0.5] 2#[0;25;128;(10.9,85.1);5.0]
[(48.5,31.7);1.0] [(31.7,38.6);0.5] [(82.2,95.0);0.5] 2#[0;25;128;(26.7,33.7);5.0]
[(56.4,76.2);1.0] [(94.1,35.6);0.5] [(78.2,50.5);0.5] 2#[0;25;128;(33.7,43.6);5.0]
[(4.0,2.0);1.0] [(81.2,53.5);0.5] [(22.8,88.1);0.5] 2#[0;25;128;(93.1,29.7);5.0]
[(71.3,80.2);1.0] [(10.9,60.4);0.5] [(8.9,86.1);0.5] 2#[0;25;128;(79.2,73.3);5.0]
[(5.9,0.0);1.0] [(86.1,43.6);0.5] [(67.3,62.4);0.5] 2#[0;25;128;(64.4,53.5);5.0]
[(96.0,64.4);1.0] [(61.4,23.8);0.5] [(86.1,75.2);0.5] 2#[0;25;128;(45.5,6.9);5.0]
[(90.1,70.3);1.0] [(91.1,93.1);0.5] [(12.9,84.2);0.5] 2#[0;25;128;(9.9,52.5);5.0]
[(53.5,11.9);1.0] [(8.9,29.7);0.5] [(68.3,22.8);0.5] 2#[0;25;128;(6.9,82.2);5.0]
[(98.0,97.0);1.0] [(64.4,62.4);0.5] [(99.0,99.0);0.5] 2#[0;25;128;(65.3,86.1);5.0]
[(17.8,29.7);1.0] [(82.2,20.8);0.5] [(2.0,86.1);0.5] 2#[0;25;128;(34.7,65.3);5.0]
[(60.4,72.3);1.0] [(78.2,33.7);0.5] [(11.9,76.2);0.5] 2#[0;25;128;(3.0,80.2);5.0]
[(94.1,83.2);1.0] [(76.2,50.5);0.5] [(44.6,17.8);0.5] 2#[0;25;128;(49.5,12.9);5.0]
[(31.7,30.7);1.0] [(86.1,12.9);0.5] [(90.1,44.6);0.5] 2#[0;25;128;(29.7,45.5);5.0]
[(95.0,2.0);1.0] [(16.8,58.4);0.5] [(79.2,87.1);0.5] 2#[0;25;128;(60.4,43.6);5.0]
[(66.3,24.8);1.0] [(46.5,57.4);0.5] [(31.7,93.1);0.5] 2#[0;25;128;(5.9,27.7);5.0]
[(87.1,1.0);1.0] [(35.6,21.8);0.5] [(1.0,50.5);0.5] 2#[0;25;128;(57.4,46.5);5.0]
[(24.8,21.8);1.0] [(23.8,3.0);0.5] [(60.4,82.2);0.5] 2#[0;25;128;(44.6,6.9);5.0]
[(10.9,21.8);1.0] [(8.9,18.8);0.5] [(34.7,93.1);0.5] 2#[0;25;128;(51.5,29.7);5.0]
[(8.9,47.5);1.0] [(65.3,1.0);0.5] [(94.1,85.1);0.5] 2#[0;25;128;(52.5,43.6);5.0]
[(45.5,36.6);1.0] [(90.1,14.9);0.5] [(51.5,15.8);0.5] 2#[0;25;128;(13.9,54.5);5.0]
[(25.7,41.6);1.0] [(33.7,35.6);0.5] [(27.7,23.8);0.5] 2#[0;25;128;(95.0,53.5);5.0]
[(79.2,82.2);1.0] [(54.5,63.4);0.5] [(71.3,79.2);0.5] 2#[0;25;128;(47.5,14.9);5.0]
[(51.5,47.5);1.0] [(64.4,0.0);0.5] [(57.4,12.9);0.5] 2#[0;25;128;(99.0,66.3);5.0]
[(27.7,40.6);1.0] [(78.2,25.7);0.5] [(28.7,65.3);0.5] 2#[0;25;128;(74.3,94.1);5.0]
[(94.1,55.4);1.0] [(61.4,72.3);0.5] [(73.3,95.0);0.5] 2#[0;25;128;(58.4,51.5);5.0]
[(72.3,66.3);1.0] [(67.3,25.7);0.5] [(96.0,75.2);0.5] 2#[0;25;128;(1.0,33.7);5.0]
[(93.1,3.0);1.0] [(2.0,81.2);0.5] [(21.8,33.7);0.5] 2#[0;25;128;(64.4,0.0);5.0]
[(31.7,61.4);1.0] [(21.8,56.4);0.5] [(50.5,35.6);0.5] 2#[0;25;128;(13.9,53.5);5.0]
[(60.4,98.0);1.0] [(50.5,69.3);0.5] [(17.8,73.3);0.5] 2#[0;25;128;(94.1,57.4);5.0]
[(24.8,76.2);1.0] [(29.7,53.5);0.5] [(51.5,23.8);0.5] 2#[0;25;128;(21.8,77.2);5.0]
[(3.0,4.0);1.0] [(42.6,50.5);0.5] [(93.1,48.5);0.5] 2#[0;25;128;(81.2,63.4);5.0]
[(78.2,75.2);1.0] [(69.3,58.4);0.5] [(51.5,86.1);0.5] 2#[0;25;128;(87.1,27.7);5.0]
[(45.5,25.7);1.0] [(87.1,84.2);0.5] [(62.4,96.0);0.5] 2#[0;25;128;(18.8,85.1);5.0]
[(8.9,83.2);1.0] [(26.7,78.2);0.5] [(50.5,51.5);0.5] 2#[0;25;128;(79.2,52.5);5.0]
[(96.0,57.4);1.0] [(74.3,11.9);0.5] [(33.7,28.7);0.5] 2#[0;25;128;(65.3,44.6);5.0]
[(45.5,55.4);1.0] [(63.4,49.5);0.5] [(36.6,90.1);0.5] 2#[0;25;128;(99.0,70.3);5.0]
[(55.4,64.4);1.0] [(5.0,6.9);0.5] [(8.9,0.0);0.5] 2#[0;25;128;(74.3,62.4);5.0]
[(52.5,73.3);1.0] [(43.6,86.1);0.5] [(2.0,45.5);0.5] 2#[0;25;128;(84.2,93.1);5.0]
[(62.4,21.8);1.0] [(30.7,47.5);0.5] [(94.1,68.3);0.5] 2#[0;25;128;(55.4,85.1);5.0]
[(62.4,24.8);1.0] [(5.0,48.5);0.5] [(98.0,10.9);0.5] 2#[0;25;128;(50.5,33.7);5.0]
[(41.6,85.1);1.0] [(37.6,64.4);0.5] [(1.0,79.2);0.5] 2#[0;25;128;(63.4,3.0);5.0]
[(2.0,36.6);1.0] [(59.4,5.9);0.5] [(37.6,78.2);0.5] 2#[0;25;128;(0.0,46.5);5.0]
[(31.7,44.6);1.0] [(82.2,94.1);0.5] [(18.8,26.7);0.5] 2#[0;25;128;(32.7,43.6);5.0]
[(92.1,98.0);1.0] [(36.6,47.5);0.5] [(34.7,42.6);0.5] 2#[0;25;128;(84.2,22.8);5.0]
[(50.5,43.6);1.0] [(92.1,88.1);0.5] [(48.5,57.4);0.5] 2#[0;25;128;(86.1,15.8);5.0]
[(42.6,16.8);1.0] [(56.4,11.9);0.5] [(90.1,53.5);0.5] 2#[0;25;128;(96.0,0.0);5.0]
[(80.2,52.5);1.0] [(97.0,22.8);0.5] [(57.4,54.5);0.5] 2#[0;25;128;(13.9,71.3);5.0]
[(8.9,16.8);1.0] [(72.3,30.7);0.5] [(67.3,62.4);0.5] 2#[0;25;128;(89.1,68.3);5.0]
[(44.6,2.0);1.0] [(20.8,4.0);0.5] [(69.3,71.3);0.5] 2#[0;25;128;(52.5,56.4);5.0]
[(37.6,71.3);1.0] [(92.1,75.2);0.5] [(91.1,25.7);0.5] 2#[0;25;128;(89.1,87.1);5.0]
[(82.2,3.0);1.0] [(50.5,53.5);0.5] [(92.1,41.6);0.5] 2#[0;25;128;(62.4,40.6);5.0]
[(12.9,27.7);1.0] [(17.8,97.0);0.5] [(97.0,37.6);0.5] 2#[0;25;128;(16.8,18.8);5.0]
[(81.2,65.3);1.0] [(92.1,76.2);0.5] [(9.9,83.2);0.5] 2#[0;25;128;(5.9,61.4);5.0]
[(78.2,15.8);1.0] [(68.3,18.8);0.5] [(69.3,59.4);0.5] 2#[0;25;128;(93.1,86.1);5.0]
[(93.1,51.5);1.0] [(2.0,0.0);0.5] [(8.9,61.4);0.5] 2#[0;25;128;(24.8,81.2);5.0]
[(62.4,96.0);1.0] [(52.5,14.9);0.5] [(93.1,62.4);0.5] 2#[0;25;128;(2.0,6.9);5.0]
[(65.3,18.8);1.0] [(7.9,73.3);0.5] [(6.9,85.1);0.5] 2#[0;25;128;(0.0,28.7);5.0]
[(92.1,59.4);1.0] [(47.5,60.4);0.5] [(81.2,15.8);0.5] 2#[0;25;128;(87.1,98.0);5.0]
[(41.6,3.0);1.0] [(59.4,0.0);0.5] [(50.5,4.0);0.5] 2#[0;25;128;(80.2,35.6);5.0]
[(62.4,48.5);1.0] [(52.5,3.0);0.5] [(8.9,53.5);0.5] 2#[0;25;128;(68.3,21.8);5.0]
[(40.6,84.2);1.0] [(98.0,19.8);0.5] [(37.6,94.1);0.5] 2#[0;25;128;(77.2,95.0);5.0]
[(13.9,82.2);1.0] [(22.8,34.7);0.5] [(85.1,64.4);0.5] 2#[0;25;128;(77.2,16.8);5.0]
[(38.6,10.9);1.0] [(47.5,69.3);0.5] [(35.6,45.5);0.5] 2#[0;25;128;(6.9,5.9);5.0]
[(26.7,12.9);1.0] [(61.4,89.1);0.5] [(91.1,92.1);0.5] 2#[0;25;128;(27.7,47.5);5.0]
[(65.3,74.3);1.0] [(25.7,35.6);0.5] [(80.2,25.7);0.5] 2#[0;25;128;(1.0,21.8);5.0]
[(13.9,56.4);1.0] [(4.0,25.7);0.5] [(65.3,37.6);0.5] 2#[0;25;128;(74.3,34.7);5.0]
[(92.1,15.8);1.0] [(81.2,42.6);0.5] [(5.0,34.7);0.5] 2#[0;25;128;(70.3,29.7);5.0]
[(74.3,10.9);1.0] [(73.3,5.9);0.5] [(34.7,37.6);0.5] 2#[0;25;128;(86.1,78.2);5.0]
[(26.7,31.7);1.0] [(62.4,23.8);0.5] [(19.8,26.7);0.5] 2#[0;25;128;(31.7,79.2);5.0]
[(82.2,57.4);1.0] [(36.6,23.8);0.5] [(6.9,76.2);0.5] 2#[0;25;128;(44.6,72.3);5.0]
[(21.8,55.4);1.0] [(42.6,80.2);0.5] [(48.5,17.8);0.5] 2#[0;25;128;(34.7,65.3);5.0]
[(78.2,79.2);1.0] [(85.1,89.1);0.5] [(72.3,12.9);0.5] 2#[0;25;128;(87.1,36.6);5.0]
[(98.0,32.7);1.0] [(97.0,7.9);0.5] [(1.0,28.7);0.5] 2#[0;25;128;(82.2,16.8);5.0]
[(7.9,65.3);1.0] [(58.4,12.9);0.5] [(77.2,4.0);0.5] 2#[0;25;128;(74.3,93.1);5.0]
[(77.2,69.3);1.0] [(65.3,75.2);0.5] [(14.9,93.1);0.5] 2#[0;25;128;(19.8,10.9);5.0]
[(3.0,16.8);1.0] [(38.6,67.3);0.5] [(34.7,8.9);0.5] 2#[0;25;128;(12.9,59.4);5.0]
[(22.8,83.2);1.0] [(54.5,71.3);0.5] [(3.0,6.9);0.5] 2#[0;25;128;(50.5,32.7);5.0]
[(51.5,5.9);1.0] [(86.1,82.2);0.5] [(65.3,90.1);0.5] 2#[0;25;128;(93.1,11.9);5.0]
[(51.5,1.0);1.0] [(46.5,22.8);0.5] [(89.1,65.3);0.5] 2#[0;25;128;(63.4,46.5);5.0]
[(64.4,5.0);1.0] [(46.5,59.4);0.5] [(85.1,47.5);0.5] 2#[0;25;128;(96.0,83.2);5.0]
[(36.6,86.1);1.0] [(81.2,56.4);0.5] [(64.4,73.3);0.5] 2#[0;25;128;(80.2,72.3);5.0]
[(97.0,6.9);1.0] [(20.8,1.0);0.5] [(17.8,68.3);0.5] 2#[0;25;128;(16.8,5.0);5.0]
[(80.2,22.8);1.0] [(39.6,83.2);0.5] [(87.1,17.8);0.5] 2#[0;25;128;(84.2,64.4);5.0]
[(89.1,59.4);1.0] [(80.2,97.0);0.5] [(56.4,6.9);0.5] 2#[0;25;128;(72.3,45.5);5.0]
[(87.1,74.3);1.0] [(88.1,80.2);0.5] [(49.5,36.6);0.5] 2#[0;25;128;(90.1,58.4);5.0]
[(14.9,7.9);1.0] [(18.8,96.0);0.5] [(44.6,59.4);0.5] 2#[0;25;128;(45.5,30.7);5.0]
[(28.7,96.0);1.0] [(77.2,8.9);0.5] [(52.5,47.5);0.5] 2#[0;25;128;(89.1,45.5);5.0]
[(55.4,36.6);1.0] [(15.8,56.4);0.5] [(26.7,4.0);0.5] 2#[0;25;128;(81.2,71.3);5.0]
[(0.0,57.4);1.0] [(37.6,81.2);0.5] [(19.8,16.8);0.5] 2#[0;25;128;(48.5,78.2);5.0]
[(62.4,87.1);1.0] [(35.6,25.7);0.5] [(55.4,26.7);0.5] 2#[0;25;128;(30.7,20.8);5.0]
[(5.0,45.5);1.0] [(16.8,61.4);0.5] [(7.9,98.0);0.5] 2#[0;25;128;(75.2,23.8);5.0]
[(61.4,19.8);1.0] [(98.0,9.9);0.5] [(54.5,23.8);0.5] 2#[0;25;128;(37.6,18.8);5.0]
[(55.4,58.4);1.0] [(51.5,60.4);0.5] [(67.3,24.8);0.5] 2#[0;25;128;(41.6,29.7);5.0]
[(87.1,31.7);1.0] [(80.2,63.4);0.5] [(22.8,51.5);0.5] 2#[0;25;128;(97.0,25.7);5.0]
[(4.0,59.4);1.0] [(76.2,97.0);0.5] [(58.4,29.7);0.5] 2#[0;25;128;(40.6,94.1);5.0]
[(44.6,2.0);1.0] [(55.4,59.4);0.5] [(58.4,32.7);0.5] 2#[0;25;128;(70.3,14.9);5.0]
[(50.5,14.9);1.0] [(96.0,51.5);0.5] [(39.6,67.3);0.5] 2#[0;25;128;(55.4,3.0);5.0]
[(96.0,19.8);1.0] [(64.4,43.6);0.5] [(98.0,31.7);0.5] 2#[0;25;128;(41.6,12.9);5.0]
[(98.0,8.9);1.0] [(81.2,66.3);0.5] [(68.3,27.7);0.5] 2#[0;25;128;(32.7,21.8);5.0]
[(30.7,50.5);1.0] [(39.6,93.1);0.5] [(12.9,42.6);0.5] 2#[0;25;128;(90.1,77.2);5.0]
[(41.6,29.7);1.0] [(99.0,14.9);0.5] [(39.6,83.2);0.5] 2#[0;25;128;(51.5,23.8);5.0]
[(32.7,10.9);1.0] [(86.1,27.7);0.5] [(95.0,32.7);0.5] 2#[0;25;128;(3.0,23.8);5.0]
[(77.2,5.0);1.0] [(45.5,85.1);0.5] [(41.6,21.8);0.5] 2#[0;25;128;(83.2,71.3);5.0]
[(34.7,36.6);1.0] [(88.1,61.4);0.5] [(43.6,82.2);0.5] 2#[0;25;128;(41.6,65.3);5.0]
[(39.6,93.1);1.0] [(70.3,24.8);0.5] [(90.1,25.7);0.5] 2#[0;25;128;(53.5,91.1);5.0]
[(68.3,18.8);1.0] [(99.0,59.4);0.5] [(32.7,84.2);0.5] 2#[0;25;128;(88.1,37.6);5.0]
[(73.3,98.0);1.0] [(64.4,75.2);0.5] [(72.3,8.9);0.5] 2#[0;25;128;(46.5,89.1);5.0]
[(98.0,9.9);1.0] [(42.6,55.4);0.5] [(38.6,44.6);0.5] 2#[0;25;128;(68.3,26.7);5.0]
[(58.4,90.1);1.0] [(78.2,19.8);0.5] [(51.5,91.1);0.5] 2#[0;25;128;(35.6,53.5);5.0]
[(78.2,35.6);1.0] [(48.5,84.2);0.5] [(91.1,38.6);0.5] 2#[0;25;128;(86.1,55.4);5.0]
[(41.6,57.4);1.0] [(10.9,46.5);0.5] [(11.9,61.4);0.5] 2#[0;25;128;(21.8,66.3);5.0]
[(80.2,18.8);1.0] [(72.3,43.6);0.5] [(57.4,9.9);0.5] 2#[0;25;128;(5.9,7.9);5.0]
[(77.2,61.4);1.0] [(22.8,97.0);0.5] [(97.0,30.7);0.5] 2#[0;25;128;(1.0,5.9);5.0]
[(62.4,65.3);1.0] [(71.3,15.8);0.5] [(39.6,50.5);0.5] 2#[0;25;128;(49.5,91.1);5.0]
[(9.9,79.2);1.0] [(41.6,97.0);0.5] [(73.3,60.4);0.5] 2#[0;25;128;(28.7,9.9);5.0]
[(43.6,16.8);1.0] [(55.4,27.7);0.5] [(21.8,46.5);0.5] 2#[0;25;128;(7.9,48.5);5.0]
[(34.7,5.0);1.0] [(29.7,84.2);0.5] [(82.2,90.1);0.5] 2#[0;25;128;(33.7,27.7);5.0]
[(52.5,58.4);1.0] [(42.6,5.0);0.5] [(22.8,79.2);0.5] 2#[0;25;128;(40.6,16.8);5.0]
[(24.8,21.8);1.0] [(40.6,15.8);0.5] [(16.8,88.1);0.5] 2#[0;25;128;(65.3,29.7);5.0]
[(29.7,78.2);1.0] [(56.4,74.3);0.5] [(50.5,4.0);0.5] 2#[0;25;128;(11.9,82.2);5.0]
[(69.3,92.1);1.0] [(72.3,43.6);0.5] [(55.4,68.3);0.5] 2#[0;25;128;(78.2,86.1);5.0]
[(78.2,95.0);1.0] [(0.0,21.8);0.5] [(70.3,34.7);0.5] 2#[0;25;128;(72.3,84.2);5.0]
[(90.1,73.3);1.0] [(45.5,2.0);0.5] [(73.3,57.4);0.5] 2#[0;25;128;(33.7,52.5);5.0]
[(80.2,63.4);1.0] [(21.8,76.2);0.5] [(99.0,60.4);0.5] 2#[0;25;128;(15.8,34.7);5.0]
[(61.4,9.9);1.0] [(80.2,67.3);0.5] [(68.3,85.1);0.5] 2#[0;25;128;(97.0,39.6);5.0]
[(15.8,69.3);1.0] [(56.4,30.7);0.5] [(7.9,73.3);0.5] 2#[0;25;128;(99.0,33.7);5.0]
[(33.7,3.0);1.0] [(70.3,22.8);0.5] [(18.8,83.2);0.5] 2#[0;25;128;(48.5,61.4);5.0]
[(64.4,24.8);1.0] [(85.1,69.3);0.5] [(42.6,78.2);0.5] 2#[0;25;128;(98.0,2.0);5.0]
[(5.0,74.3);1.0] [(44.6,23.8);0.5] [(41.6,93.1);0.5] 2#[0;25;128;(55.4,54.5);5.0]
[(25.7,44.6);1.0] [(48.5,55.4);0.5] [(2.0,64.4);0.5] 2#[0;25;128;(35.6,74.3);5.0]
[(53.5,3.0);1.0] [(15.8,5.0);0.5] [(81.2,40.6);0.5] 2#[0;25;128;(90.1,17.8);5.0]
[(66.3,60.4);1.0] [(94.1,58.4);0.5] [(16.8,33.7);0.5] 2#[0;25;128;(77.2,8.9);5.0]
[(80.2,0.0);1.0] [(88.1,27.7);0.5] [(82.2,34.7);0.5] 2#[0;25;128;(52.5,29.7);5.0]
[(48.5,29.7);1.0] [(8.9,90.1);0.5] [(6.9,22.8);0.5] 2#[0;25;128;(63.4,25.7);5.0]
[(99.0,77.2);1.0] [(11.9,82.2);0.5] [(54.5,35.6);0.5] 2#[0;25;128;(29.7,6.9);5.0]
[(78.2,56.4);1.0] [(65.3,54.5);0.5] [(59.4,66.3);0.5] 2#[0;25;128;(28.7,33.7);5.0]
[(19.8,15.8);1.0] [(21.8,93.1);0.5] [(94.1,85.1);0.5] 2#[0;25;128;(61.4,2.0);5.0]
[(4.0,0.0);1.0] [(24.8,7.9);0.5] [(45.5,91.1);0.5] 2#[0;25;128;(60.4,98.0);5.0]
[(42.6,8.9);1.0] [(10.9,41.6);0.5] [(24.8,63.4);0.5] 2#[0;25;128;(13.9,83.2);5.0]
[(56.4,6.9);1.0] [(25.7,75.2);0.5] [(75.2,39.6);0.5] 2#[0;25;128;(29.7,77.2);5.0]
[(35.6,30.7);1.0] [(8.9,13.9);0.5] [(98.0,25.7);0.5] 2#[0;25;128;(45.5,64.4);5.0]
[(40.6,44.6);1.0] [(79.2,70.3);0.5] [(3.0,31.7);0.5] 2#[0;25;128;(90.1,40.6);5.0]
[(47.5,37.6);1.0] [(33.7,47.5);0.5] [(52.5,45.5);0.5] 2#[0;25;128;(56.4,50.5);5.0]
[(40.6,21.8);1.0] [(57.4,97.0);0.5] [(80.2,44.6);0.5] 2#[0;25;128;(5.0,82.2);5.0]
[(51.5,65.3);1.0] [(25.7,30.7);0.5] [(49.5,51.5);0.5] 2#[0;25;128;(26.7,4.0);5.0]
[(78.2,8.9);1.0] [(28.7,3.0);0.5] [(66.3,42.6);0.5] 2#[0;25;128;(6.9,55.4);5.0]
[(53.5,5.9);1.0] [(4.0,12.9);0.5] [(89.1,99.0);0.5] 2#[0;25;128;(64.4,87.1);5.0]
[(11.9,51.5);1.0] [(74.3,80.2);0.5] [(21.8,20.8);0.5] 2#[0;25;128;(6.9,79.2);5.0]
[(23.8,42.6);1.0] [(59.4,4.0);0.5] [(75.2,61.4);0.5] 2#[0;25;128;(55.4,67.3);5.0]
[(5.0,96.0);1.0] [(70.3,84.2);0.5] [(98.0,7.9);0.5] 2#[0;25;128;(37.6,56.4);5.0]
[(85.1,91.1);1.0] [(72.3,39.6);0.5] [(42.6,53.5);0.5] 2#[0;25;128;(63.4,54.5);5.0]
[(57.4,85.1);1.0] [(40.6,4.0);0.5] [(90.1,52.5);0.5] 2#[0;25;128;(27.7,87.1);5.0]
[(51.5,12.9);1.0] [(14.9,32.7);0.5] [(57.4,99.0);0.5] 2#[0;25;128;(5.9,20.8);5.0]
[(31.7,16.8);1.0] [(23.8,47.5);0.5] [(68.3,58.4);0.5] 2#[0;25;128;(62.4,78.2);5.0]
[(42.6,4.0);1.0] [(11.9,43.6);0.5] [(16.8,74.3);0.5] 2#[0;25;128;(20.8,96.0);5.0]
[(76.2,28.7);1.0] [(63.4,67.3);0.5] [(20.8,60.4);0.5] 2#[0;25;128;(22.8,51.5);5.0]
[(77.2,82.2);1.0] [(84.2,19.8);0.5] [(96.0,98.0);0.5] 2#[0;25;128;(21.8,74.3);5.0]
[(51.5,62.4);1.0] [(6.9,96.0);0.5] [(98.0,20.8);0.5] 2#[0;25;128;(65.3,2.0);5.0]
[(90.1,47.5);1.0] [(67.3,62.4);0.5] [(21.8,44.6);0.5] 2#[0;25;128;(42.6,21.8);5.0]
[(29.7,44.6);1.0] [(34.7,66.3);0.5] [(99.0,4.0);0.5] 2#[0;25;128;(52.5,3.0);5.0]
[(58.4,27.7);1.0] [(5.0,85.1);0.5] [(64.4,11.9);0.5] 2#[0;25;128;(13.9,31.7);5.0]
[(77.2,5.0);1.0] [(41.6,64.4);0.5] [(56.4,84.2);0.5] 2#[0;25;128;(58.4,62.4);5.0]
[(50.5,5.9);1.0] [(99.0,96.0);0.5] [(7.9,35.6);0.5] 2#[0;25;128;(17.8,80.2);5.0]
[(28.7,0.0);1.0] [(2.0,58.4);0.5] [(4.0,20.8);0.5] 2#[0;25;128;(44.6,72.3);5.0]
[(88.1,71.3);1.0] [(3.0,4.0);0.5] [(16.8,37.6);0.5] 2#[0;25;128;(75.2,83.2);5.0]
[(26.7,50.5);1.0] [(57.4,62.4);0.5] [(1.0,77.2);0.5] 2#[0;25;128;(20.8,53.5);5.0]
[(76.2,7.9);1.0] [(94.1,60.4);0.5] [(8.9,54.5);0.5] 2#[0;25;128;(72.3,43.6);5.0]
[(13.9,58.4);1.0] [(54.5,59.4);0.5] [(16.8,78.2);0.5] 2#[0;25;128;(60.4,86.1);5.0]
[(3.0,46.5);1.0] [(97.0,19.8);0.5] [(78.2,41.6);0.5] 2#[0;25;128;(88.1,69.3);5.0]
[(75.2,91.1);1.0] [(84.2,24.8);0.5] [(9.9,31.7);0.5] 2#[0;25;128;(8.9,58.4);5.0]
[(20.8,88.1);1.0] [(92.1,92.1);0.5] [(66.3,3.0);0.5] 2#[0;25;128;(5.0,72.3);5.0]
[(0.0,62.4);1.0] [(78.2,42.6);0.5] [(23.8,77.2);0.5] 2#[0;25;128;(97.0,69.3);5.0]
[(26.7,91.1);1.0] [(25.7,19.8);0.5] [(41.6,59.4);0.5] 2#[0;25;128;(67.3,69.3);5.0]
[(52.5,57.4);1.0] [(37.6,12.9);0.5] [(42.6,67.3);0.5] 2#[0;25;128;(71.3,2.0);5.0]
[(82.2,85.1);1.0] [(81.2,50.5);0.5] [(7.9,20.8);0.5] 2#[0;25;128;(53.5,11.9);5.0]
[(5.0,17.8);1.0] [(59.4,80.2);0.5] [(13.9,87.1);0.5] 2#[0;25;128;(41.6,10.9);5.0]
[(85.1,29.7);1.0] [(67.3,93.1);0.5] [(2.0,1.0);0.5] 2#[0;25;128;(26.7,34.7);5.0]
[(49.5,94.1);1.0] [(63.4,89.1);0.5] [(20.8,86.1);0.5] 2#[0;25;128;(69.3,76.2);5.0]
[(99.0,96.0);1.0] [(50.5,9.9);0.5] [(78.2,25.7);0.5] 2#[0;25;128;(43.6,23.8);5.0]
[(56.4,12.9);1.0] [(36.6,10.9);0.5] [(0.0,52.5);0.5] 2#[0;25;128;(69.3,26.7);5.0]
[(94.1,50.5);1.0] [(0.0,56.4);0.5] [(47.5,13.9);0.5] 2#[0;25;128;(34.7,8.9);5.0]
[(81.2,29.7);1.0] [(47.5,21.8);0.5] [(82.2,50.5);0.5] 2#[0;25;128;(65.3,34.7);5.0]
[(19.8,63.4);1.0] [(5.9,15.8);0.5] [(35.6,94.1);0.5] 2#[0;25;128;(77.2,5.9);5.0]
[(50.5,80.2);1.0] [(70.3,39.6);0.5] [(21.8,48.5);0.5] 2#[0;25;128;(32.7,46.5);5.0]
[(43.6,21.8);1.0] [(59.4,29.7);0.5] [(45.5,53.5);0.5] 2#[0;25;128;(44.6,19.8);5.0]
[(9.9,86.1);1.0] [(50.5,66.3);0.5] [(75.2,61.4);0.5] 2#[0;25;128;(41.6,37.6);5.0]
[(89.1,88.1);1.0] [(45.5,58.4);0.5] [(48.5,47.5);0.5] 2#[0;25;128;(54.5,64.4);5.0]
[(28.7,41.6);1.0] [(94.1,5.0);0.5] [(55.4,84.2);0.5] 2#[0;25;128;(71.3,93.1);5.0]
[(93.1,80.2);1.0] [(82.2,91.1);0.5] [(67.3,5.0);0.5] 2#[0;25;128;(78.2,60.4);5.0]
[(67.3,33.7);1.0] [(46.5,47.5);0.5] [(72.3,27.7);0.5] 2#[0;25;128;(58.4,30.7);5.0]
[(95.0,67.3);1.0] [(27.7,41.6);0.5] [(35.6,79.2);0.5] 2#[0;25;128;(42.6,10.9);5.0]
[(84.2,66.3);1.0] [(51.5,82.2);0.5] [(94.1,9.9);0.5] 2#[0;25;128;(52.5,22.8);5.0]
[(17.8,5.0);1.0] [(33.7,54.5);0.5] [(66.3,88.1);0.5] 2#[0;25;128;(5.0,5.9);5.0]
[(44.6,70.3);1.0] [(60.4,69.3);0.5] [(23.8,53.5);0.5] 2#[0;25;128;(82.2,6.9);5.0]
[(78.2,85.1);1.0] [(72.3,49.5);0.5] [(16.8,51.5);0.5] 2#[0;25;128;(20.8,53.5);5.0]
[(36.6,34.7);1.0] [(57.4,6.9);0.5] [(4.0,51.5);0.5] 2#[0;25;128;(94.1,99.0);5.0]
[(5.9,29.7);1.0] [(59.4,6.9);0.5] [(12.9,19.8);0.5] 2#[0;25;128;(73.3,13.9);5.0]
[(17.8,6.9);1.0] [(50.5,5.9);0.5] [(87.1,22.8);0.5] 2#[0;25;128;(43.6,68.3);5.0]
[(42.6,8.9);1.0] [(95.0,89.1);0.5] [(40.6,68.3);0.5] 2#[0;25;128;(79.2,80.2);5.0]
[(60.4,94.1);1.0] [(18.8,5.0);0.5] [(34.7,97.0);0.5] 2#[0;25;128;(12.9,31.7);5.0]
[(66.3,79.2);1.0] [(89.1,70.3);0.5] [(92.1,43.6);0.5] 2#[0;25;128;(5.0,7.9);5.0]
[(79.2,31.7);1.0] [(52.5,20.8);0.5] [(74.3,91.1);0.5] 2#[0;25;128;(40.6,87.1);5.0]
[(57.4,99.0);1.0] [(5.9,79.2);0.5] [(0.0,43.6);0.5] 2#[0;25;128;(75.2,85.1);5.0]
[(29.7,74.3);1.0] [(59.4,91.1);0.5] [(27.7,83.2);0.5] 2#[0;25;128;(54.5,30.7);5.0]
[(94.1,11.9);1.0] [(37.6,79.2);0.5] [(84.2,36.6);0.5] 2#[0;25;128;(6.9,96.0);5.0]
[(24.8,58.4);1.0] [(33.7,76.2);0.5] [(17.8,81.2);0.5] 2#[0;25;128;(28.7,88.1);5.0]
[(96.0,10.9);1.0] [(9.9,1.0);0.5] [(25.7,38.6);0.5] 2#[0;25;128;(12.9,29.7);5.0]
[(79.2,99.0);1.0] [(78.2,89.1);0.5] [(70.3,25.7);0.5] 2#[0;25;128;(75.2,37.6);5.0]
[(25.7,19.8);1.0] [(59.4,69.3);0.5] [(47.5,85.1);0.5] 2#[0;25;128;(10.9,0.0);5.0]
[(35.6,5.0);1.0] [(73.3,98.0);0.5] [(33.7,99.0);0.5] 2#[0;25;128;(34.7,76.2);5.0]
[(28.7,52.5);1.0] [(99.0,51.5);0.5] [(84.2,73.3);0.5] 2#[0;25;128;(39.6,84.2);5.0]
[(42.6,92.1);1.0] [(16.8,55.4);0.5] [(9.9,77.2);0.5] 2#[0;25;128;(29.7,54.5);5.0]
[(70.3,76.2);1.0] [(0.0,37.6);0.5] [(49.5,11.9);0.5] 2#[0;25;128;(67.3,19.8);5.0]
[(13.9,72.3);1.0] [(11.9,88.1);0.5] [(20.8,17.8);0.5] 2#[0;25;128;(82.2,3.0);5.0]
[(34.7,4.0);1.0] [(87.1,41.6);0.5] [(6.9,69.3);0.5] 2#[0;25;128;(98.0,37.6);5.0]
[(29.7,48.5);1.0] [(85.1,56.4);0.5] [(83.2,24.8);0.5] 2#[0;25;128;(94.1,34.7);5.0]
[(20.8,84.2);1.0] [(8.9,74.3);0.5] [(87.1,27.7);0.5] 2#[0;25;128;(95.0,87.1);5.0]
[(99.0,20.8);1.0] [(59.4,52.5);0.5] [(6.9,33.7);0.5] 2#[0;25;128;(11.9,75.2);5.0]
[(54.5,47.5);1.0] [(50.5,36.6);0.5] [(78.2,29.7);0.5] 2#[0;25;128;(44.6,59.4);5.0]
[(38.6,49.5);1.0] [(52.5,2.0);0.5] [(14.9,42.6);0.5] 2#[0;25;128;(56.4,13.9);5.0]
[(5.9,20.8);1.0] [(50.5,95.0);0.5] [(11.9,1.0);0.5] 2#[0;25;128;(88.1,28.7);5.0]
[(69.3,17.8);1.0] [(47.5,9.9);0.5] [(59.4,77.2);0.5] 2#[0;25;128;(15.8,36.6);5.0]
[(59.4,4.0);1.0] [(98.0,76.2);0.5] [(0.0,38.6);0.5] 2#[0;25;128;(30.7,62.4);5.0]
[(65.3,30.7);1.0] [(59.4,23.8);0.5] [(99.0,56.4);0.5] 2#[0;25;128;(79.2,44.6);5.0]
[(83.2,37.6);1.0] [(38.6,9.9);0.5] [(93.1,5.0);0.5] 2#[0;25;128;(67.3,81.2);5.0]
[(23.8,30.7);1.0] [(90.1,87.1);0.5] [(50.5,80.2);0.5] 2#[0;25;128;(57.4,55.4);5.0]
[(42.6,59.4);1.0] [(76.2,93.1);0.5] [(15.8,34.7);0.5] 2#[0;25;128;(63.4,7.9);5.0]
[(81.2,5.0);1.0] [(94.1,7.9);0.5] [(54.5,39.6);0.5] 2#[0;25;128;(65.3,56.4);5.0]
[(65.3,5.0);1.0] [(36.6,53.5);0.5] [(48.5,92.1);0.5] 2#[0;25;128;(73.3,59.4);5.0]
[(26.7,95.0);1.0] [(57.4,91.1);0.5] [(78.2,71.3);0.5] 2#[0;25;128;(18.8,32.7);5.0]
[(35.6,4.0);1.0] [(56.4,10.9);0.5] [(23.8,46.5);0.5] 2#[0;25;128;(61.4,88.1);5.0]
[(12.9,24.8);1.0] [(15.8,28.7);0.5] [(53.5,21.8);0.5] 2#[0;25;128;(90.1,52.5);5.0]
[(93.1,41.6);1.0] [(69.3,14.9);0.5] [(18.8,64.4);0.5] 2#[0;25;128;(56.4,66.3);5.0]
[(90.1,22.8);1.0] [(49.5,85.1);0.5] [(97.0,11.9);0.5] 2#[0;25;128;(94.1,9.9);5.0]
[(70.3,52.5);1.0] [(64.4,82.2);0.5] [(55.4,22.8);0.5] 2#[0;25;128;(1.0,32.7);5.0]
[(65.3,12.9);1.0] [(83.2,84.2);0.5] [(33.7,19.8);0.5] 2#[0;25;128;(72.3,57.4);5.0]
[(78.2,84.2);1.0] [(97.0,16.8);0.5] [(2.0,53.5);0.5] 2#[0;25;128;(20.8,37.6);5.0]
[(25.7,94.1);1.0] [(40.6,54.5);0.5] [(43.6,6.9);0.5] 2#[0;25;128;(98.0,72.3);5.0]
[(79.2,8.9);1.0] [(21.8,22.8);0.5] [(83.2,55.4);0.5] 2#[0;25;128;(1.0,85.1);5.0]
[(20.8,18.8);1.0] [(31.7,1.0);0.5] [(6.9,30.7);0.5] 2#[0;25;128;(88.1,10.9);5.0]
[(16.8,81.2);1.0] [(61.4,24.8);0.5] [(11.9,69.3);0.5] 2#[0;25;128;(28.7,27.7);5.0]
[(18.8,14.9);1.0] [(33.7,27.7);0.5] [(7.9,15.8);0.5] 2#[0;25;128;(60.4,98.0);5.0]
[(40.6,29.7);1.0] [(43.6,64.4);0.5] [(14.9,11.9);0.5] 2#[0;25;128;(83.2,87.1);5.0]
[(74.3,69.3);1.0] [(44.6,1.0);0.5] [(26.7,63.4);0.5] 2#[0;25;128;(38.6,62.4);5.0]
[(17.8,33.7);1.0] [(66.3,6.9);0.5] [(91.1,65.3);0.5] 2#[0;25;128;(53.5,36.6);5.0]
[(37.6,88.1);1.0] [(21.8,99.0);0.5] [(26.7,50.5);0.5] 2#[0;25;128;(64.4,84.2);5.0]
[(76.2,81.2);1.0] [(80.2,6.9);0.5] [(81.2,47.5);0.5] 2#[0;25;128;(93.1,16.8);5.0]
[(5.9,34.7);1.0] [(97.0,29.7);0.5] [(72.3,35.6);0.5] 2#[0;25;128;(18.8,31.7);5.0]
[(70.3,30.7);1.0] [(90.1,60.4);0.5] [(27.7,94.1);0.5] 2#[0;25;128;(88.1,72.3);5.0]
[(55.4,32.7);1.0] [(67.3,94.1);0.5] [(25.7,84.2);0.5] 2#[0;25;128;(60.4,22.8);5.0]
[(35.6,79.2);1.0] [(12.9,37.6);0.5] [(68.3,86.1);0.5] 2#[0;25;128;(79.2,29.7);5.0]
[(51.5,96.0);1.0] [(23.8,28.7);0.5] [(33.7,18.8);0.5] 2#[0;25;128;(81.2,87.1);5.0]
[(46.5,18.8);1.0] [(52.5,61.4);0.5] [(86.1,66.3);0.5] 2#[0;25;128;(23.8,57.4);5.0]
[(4.0,58.4);1.0] [(75.2,87.1);0.5] [(81.2,27.7);0.5] 2#[0;25;128;(20.8,82.2);5.0]
[(94.1,43.6);1.0] [(53.5,74.3);0.5] [(49.5,82.2);0.5] 2#[0;25;128;(10.9,48.5);5.0]
[(22.8,35.6);1.0] [(81.2,11.9);0.5] [(34.7,2.0);0.5] 2#[0;25;128;(74.3,19.8);5.0]
[(1.0,86.1);1.0] [(96.0,90.1);0.5] [(98.0,46.5);0.5] 2#[0;25;128;(85.1,21.8);5.0]
[(34.7,58.4);1.0] [(41.6,52.5);0.5] [(64.4,75.2);0.5] 2#[0;25;128;(5.9,63.4);5.0]
[(84.2,63.4);1.0] [(2.0,71.3);0.5] [(71.3,70.3);0.5] 2#[0;25;128;(61.4,80.2);5.0]
[(10.9,20.8);1.0] [(51.5,36.6);0.5] [(43.6,4.0);0.5] 2#[0;25;128;(97.0,68.3);5.0]
[(40.6,47.5);1.0] [(27.7,23.8);0.5] [(65.3,5.9);0.5] 2#[0;25;128;(34.7,24.8);5.0]
[(81.2,74.3);1.0] [(49.5,91.1);0.5] [(98.0,58.4);0.5] 2#[0;25;128;(18.8,7.9);5.0]
[(96.0,29.7);1.0] [(57.4,77.2);0.5] [(97.0,18.8);0.5] 2#[0;25;128;(61.4,54.5);5.0]
[(48.5,9.9);1.0] [(70.3,22.8);0.5] [(71.3,81.2);0.5] 2#[0;25;128;(52.5,4.0);5.0]
[(26.7,5.9);1.0] [(77.2,78.2);0.5] [(38.6,97.0);0.5] 2#[0;25;128;(41.6,6.9);5.0]
[(61.4,17.8);1.0] [(10.9,84.2);0.5] [(35.6,7.9);0.5] 2#[0;25;128;(88.1,37.6);5.0]
[(37.6,44.6);1.0] [(53.5,6.9);0.5] [(52.5,89.1);0.5] 2#[0;25;128;(45.5,29.7);5.0]
[(60.4,30.7);1.0] [(7.9,53.5);0.5] [(68.3,7.9);0.5] 2#[0;25;128;(95.0,10.9);5.0]
[(7.9,94.1);1.0] [(57.4,70.3);0.5] [(66.3,85.1);0.5] 2#[0;25;128;(30.7,59.4);5.0]
[(3.0,9.9);1.0] [(94.1,31.7);0.5] [(65.3,69.3);0.5] 2#[0;25;128;(83.2,88.1);5.0]
[(19.8,57.4);1.0] [(83.2,3.0);0.5] [(11.9,20.8);0.5] 2#[0;25;128;(64.4,99.0);5.0]
[(27.7,98.0);1.0] [(79.2,78.2);0.5] [(74.3,31.7);0.5] 2#[0;25;128;(28.7,85.1);5.0]
[(94.1,69.3);1.0] [(52.5,5.9);0.5] [(39.6,65.3);0.5] 2#[0;25;128;(93.1,6.9);5.0]
[(90.1,69.3);1.0] [(66.3,71.3);0.5] [(65.3,64.4);0.5] 2#[0;25;128;(52.5,47.5);5.0]
[(39.6,88.1);1.0] [(10.9,21.8);0.5] [(74.3,65.3);0.5] 2#[0;25;128;(34.7,44.6);5.0]
[(37.6,77.2);1.0] [(57.4,22.8);0.5] [(83.2,59.4);0.5] 2#[0;25;128;(71.3,45.5);5.0]
[(89.1,71.3);1.0] [(76.2,42.6);0.5] [(84.2,86.1);0.5] 2#[0;25;128;(81.2,45.5);5.0]
[(94.1,72.3);1.0] [(62.4,66.3);0.5] [(47.5,83.2);0.5] 2#[0;25;128;(1.0,35.6);5.0]
[(99.0,15.8);1.0] [(78.2,63.4);0.5] [(41.6,69.3);0.5] 2#[0;25;128;(69.3,92.1);5.0]
[(73.3,79.2);1.0] [(70.3,5.9);0.5] [(97.0,75.2);0.5] 2#[0;25;128;(94.1,47.5);5.0]
[(12.9,73.3);1.0] [(55.4,37.6);0.5] [(41.6,29.7);0.5] 2#[0;25;128;(89.1,17.8);5.0]
[(35.6,21.8);1.0] [(49.5,49.5);0.5] [(80.2,36.6);0.5] 2#[0;25;128;(83.2,41.6);5.0]
[(0.0,52.5);1.0] [(42.6,16.8);0.5] [(45.5,6.9);0.5] 2#[0;25;128;(49.5,65.3);5.0]
[(80.2,77.2);1.0] [(16.8,44.6);0.5] [(72.3,22.8);0.5] 2#[0;25;128;(18.8,91.1);5.0]
[(74.3,33.7);1.0] [(89.1,34.7);0.5] [(72.3,95.0);0.5] 2#[0;25;128;(69.3,54.5);5.0]
[(59.4,59.4);1.0] [(85.1,90.1);0.5] [(43.6,99.0);0.5] 2#[0;25;128;(78.2,51.5);5.0]
[(3.0,83.2);1.0] [(50.5,95.0);0.5] [(11.9,81.2);0.5] 2#[0;25;128;(8.9,18.8);5.0]
[(77.2,85.1);1.0] [(25.7,74.3);0.5] [(98.0,14.9);0.5] 2#[0;25;128;(86.1,90.1);5.0]
[(63.4,21.8);1.0] [(12.9,55.4);0.5] [(18.8,60.4);0.5] 2#[0;25;128;(68.3,44.6);5.0]
[(21.8,17.8);1.0] [(15.8,57.4);0.5] [(10.9,79.2);0.5] 2#[0;25;128;(93.1,66.3);5.0]
[(4.0,33.7);1.0] [(47.5,88.1);0.5] [(48.5,16.8);0.5] 2#[0;25;128;(28.7,40.6);5.0]
[(75.2,70.3);1.0] [(53.5,77.2);0.5] [(41.6,83.2);0.5] 2#[0;25;128;(7.9,12.9);5.0]
[(28.7,70.3);1.0] [(12.9,16.8);0.5] [(70.3,84.2);0.5] 2#[0;25;128;(55.4,98.0);5.0]
[(23.8,64.4);1.0] [(5.9,16.8);0.5] [(65.3,91.1);0.5] 2#[0;25;128;(25.7,61.4);5.0]
[(87.1,72.3);1.0] [(62.4,5.0);0.5] [(29.7,98.0);0.5] 2#[0;25;128;(90.1,96.0);5.0]
[(26.7,46.5);1.0] [(99.0,47.5);0.5] [(31.7,14.9);0.5] 2#[0;25;128;(8.9,81.2);5.0]
[(49.5,41.6);1.0] [(8.9,76.2);0.5] [(89.1,54.5);0.5] 2#[0;25;128;(11.9,39.6);5.0]
[(4.0,98.0);1.0] [(46.5,67.3);0.5] [(32.7,45.5);0.5] 2#[0;25;128;(39.6,7.9);5.0]
[(5.0,29.7);1.0] [(65.3,69.3);0.5] [(47.5,86.1);0.5] 2#[0;25;128;(71.3,54.5);5.0]
[(13.9,19.8);1.0] [(82.2,1.0);0.5] [(61.4,74.3);0.5] 2#[0;25;128;(83.2,20.8);5.0]
[(91.1,49.5);1.0] [(34.7,91.1);0.5] [(47.5,37.6);0.5] 2#[0;25;128;(13.9,64.4);5.0]
[(72.3,76.2);1.0] [(75.2,33.7);0.5] [(79.2,85.1);0.5] 2#[0;25;128;(73.3,92.1);5.0]
[(51.5,29.7);1.0] [(30.7,5.0);0.5] [(17.8,11.9);0.5] 2#[0;25;128;(68.3,14.9);5.0]
[(60.4,60.4);1.0] [(61.4,19.8);0.5] [(76.2,36.6);0.5] 2#[0;25;128;(69.3,86.1);5.0]
[(84.2,50.5);1.0] [(2.0,11.9);0.5] [(94.1,62.4);0.5] 2#[0;25;128;(52.5,3.0);5.0]
[(75.2,15.8);1.0] [(77.2,41.6);0.5] [(86.1,5.9);0.5] 2#[0;25;128;(81.2,77.2);5.0]
[(41.6,9.9);1.0] [(64.4,26.7);0.5] [(39.6,72.3);0.5] 2#[0;25;128;(32.7,19.8);5.0]
[(81.2,25.7);1.0] [(18.8,28.7);0.5] [(82.2,31.7);0.5] 2#[0;25;128;(11.9,37.6);5.0]
[(55.4,69.3);1.0] [(66.3,38.6);0.5] [(95.0,96.0);0.5] 2#[0;25;128;(14.9,53.5);5.0]
[(36.6,90.1);1.0] [(92.1,44.6);0.5] [(2.0,4.0);0.5] 2#[0;25;128;(17.8,54.5);5.0]
[(7.9,5.0);1.0] [(9.9,91.1);0.5] [(10.9,57.4);0.5] 2#[0;25;128;(55.4,74.3);5.0]
[(65.3,69.3);1.0] [(27.7,82.2);0.5] [(48.5,45.5);0.5] 2#[0;25;128;(56.4,44.6);5.0]
[(11.9,71.3);1.0] [(64.4,48.5);0.5] [(42.6,34.7);0.5] 2#[0;25;128;(52.5,47.5);5.0]
[(4.0,79.2);1.0] [(61.4,49.5);0.5] [(23.8,14.9);0.5] 2#[0;25;128;(18.8,5.9);5.0]
[(70.3,5.9);1.0] [(40.6,41.6);0.5] [(38.6,67.3);0.5] 2#[0;25;128;(49.5,23.8);5.0]
[(13.9,79.2);1.0] [(19.8,12.9);0.5] [(76.2,41.6);0.5] 2#[0;25;128;(45.5,94.1);5.0]
[(98.0,73.3);1.0] [(71.3,10.9);0.5] [(38.6,98.0);0.5] 2#[0;25;128;(42.6,77.2);5.0]
[(82.2,20.8);1.0] [(5.0,45.5);0.5] [(48.5,38.6);0.5] 2#[0;25;128;(30.7,5.9);5.0]
[(69.3,87.1);1.0] [(29.7,56.4);0.5] [(16.8,44.6);0.5] 2#[0;25;128;(42.6,64.4);5.0]
[(6.9,39.6);1.0] [(75.2,29.7);0.5] [(44.6,84.2);0.5] 2#[0;25;128;(5.9,57.4);5.0]
[(39.6,95.0);1.0] [(16.8,71.3);0.5] [(77.2,5.0);0.5] 2#[0;25;128;(54.5,70.3);5.0]
[(51.5,15.8);1.0] [(43.6,17.8);0.5] [(33.7,76.2);0.5] 2#[0;25;128;(84.2,12.9);5.0]
[(90.1,10.9);1.0] [(96.0,72.3);0.5] [(11.9,76.2);0.5] 2#[0;25;128;(22.8,42.6);5.0]
[(89.1,94.1);1.0] [(15.8,17.8);0.5] [(92.1,10.9);0.5] 2#[0;25;128;(93.1,6.9);5.0]
[(36.6,53.5);1.0] [(13.9,38.6);0.5] [(76.2,61.4);0.5] 2#[0;25;128;(60.4,41.6);5.0]
[(63.4,22.8);1.0] [(8.9,68.3);0.5] [(19.8,83.2);0.5] 2#[0;25;128;(24.8,26.7);5.0]
[(20.8,55.4);1.0] [(40.6,45.5);0.5] [(74.3,89.1);0.5] 2#[0;25;128;(54.5,74.3);5.0]
[(55.4,56.4);1.0] [(60.4,83.2);0.5] [(13.9,22.8);0.5] 2#[0;25;128;(76.2,72.3);5.0]
[(19.8,21.8);1.0] [(80.2,91.1);0.5] [(91.1,41.6);0.5] 2#[0;25;128;(31.7,54.5);5.0]
[(22.8,38.6);1.0] [(32.7,95.0);0.5] [(64.4,1.0);0.5] 2#[0;25;128;(18.8,11.9);5.0]
[(8.9,72.3);1.0] [(66.3,76.2);0.5] [(32.7,77.2);0.5] 2#[0;25;128;(6.9,55.4);5.0]
[(99.0,29.7);1.0] [(51.5,57.4);0.5] [(85.1,80.2);0.5] 2#[0;25;128;(23.8,20.8);5.0]
[(12.9,81.2);1.0] [(68.3,23.8);0.5] [(15.8,12.9);0.5] 2#[0;25;128;(16.8,92.1);5.0]
[(95.0,87.1);1.0] [(57.4,35.6);0.5] [(45.5,83.2);0.5] 2#[0;25;128;(14.9,65.3);5.0]
[(34.7,20.8);1.0] [(58.4,58.4);0.5] [(0.0,51.5);0.5] 2#[0;25;128;(72.3,4.0);5.0]
[(19.8,51.5);1.0] [(11.9,32.7);0.5] [(62.4,55.4);0.5] 2#[0;25;128;(50.5,40.6);5.0]
[(92.1,28.7);1.0] [(87.1,43.6);0.5] [(33.7,31.7);0.5] 2#[0;25;128;(24.8,52.5);5.0]
[(57.4,86.1);1.0] [(66.3,48.5);0.5] [(24.8,90.1);0.5] 2#[0;25;128;(39.6,98.0);5.0]
[(15.8,88.1);1.0] [(44.6,90.1);0.5] [(23.8,89.1);0.5] 2#[0;25;128;(7.9,16.8);5.0]
[(37.6,12.9);1.0] [(94.1,88.1);0.5] [(22.8,79.2);0.5] 2#[0;25;128;(99.0,91.1);5.0]
[(84.2,41.6);1.0] [(7.9,51.5);0.5] [(16.8,78.2);0.5] 2#[0;25;128;(3.0,67.3);5.0]
[(28.7,43.6);1.0] [(55.4,37.6);0.5] [(76.2,85.1);0.5] 2#[0;25;128;(5.9,22.8);5.0]
[(90.1,26.7);1.0] [(91.1,30.7);0.5] [(12.9,60.4);0.5] 2#[0;25;128;(97.0,0.0);5.0]
[(75.2,74.3);1.0] [(23.8,32.7);0.5] [(56.4,45.5);0.5] 2#[0;25;128;(42.6,63.4);5.0]
[(48.5,35.6);1.0] [(73.3,42.6);0.5] [(71.3,71.3);0.5] 2#[0;25;128;(12.9,88.1);5.0]
[(8.9,20.8);1.0] [(24.8,0.0);0.5] [(11.9,48.5);0.5] 2#[0;25;128;(9.9,79.2);5.0]
[(42.6,3.0);1.0] [(95.0,35.6);0.5] [(37.6,91.1);0.5] 2#[0;25;128;(30.7,81.2);5.0]
[(1.0,66.3);1.0] [(74.3,58.4);0.5] [(11.9,99.0);0.5] 2#[0;25;128;(96.0,93.1);5.0]
[(14.9,63.4);1.0] [(6.9,40.6);0.5] [(55.4,64.4);0.5] 2#[0;25;128;(33.7,93.1);5.0]
[(98.0,7.9);1.0] [(66.3,0.0);0.5] [(16.8,34.7);0.5] 2#[0;25;128;(87.1,80.2);5.0]
[(9.9,43.6);1.0] [(23.8,91.1);0.5] [(5.9,20.8);0.5] 2#[0;25;128;(70.3,15.8);5.0]
[(0.0,43.6);1.0] [(83.2,34.7);0.5] [(77.2,2.0);0.5] 2#[0;25;128;(87.1,86.1);5.0]
[(80.2,57.4);1.0] [(45.5,62.4);0.5] [(56.4,3.0);0.5] 2#[0;25;128;(84.2,5.9);5.0]
[(75.2,23.8);1.0] [(9.9,4.0);0.5] [(14.9,55.4);0.5] 2#[0;25;128;(73.3,63.4);5.0]
[(52.5,55.4);1.0] [(53.5,62.4);0.5] [(28.7,99.0);0.5] 2#[0;25;128;(5.0,36.6);5.0]
[(73.3,94.1);1.0] [(57.4,61.4);0.5] [(67.3,41.6);0.5] 2#[0;25;128;(99.0,46.5);5.0]
[(91.1,6.9);1.0] [(49.5,50.5);0.5] [(83.2,80.2);0.5] 2#[0;25;128;(65.3,30.7);5.0]
[(75.2,35.6);1.0] [(31.7,5.0);0.5] [(61.4,63.4);0.5] 2#[0;25;128;(81.2,98.0);5.0]
[(7.9,99.0);1.0] [(25.7,75.2);0.5] [(31.7,69.3);0.5] 2#[0;25;128;(19.8,3.0);5.0]
[(23.8,50.5);1.0] [(5.9,79.2);0.5] [(88.1,41.6);0.5] 2#[0;25;128;(68.3,43.6);5.0]
[(18.8,20.8);1.0] [(32.7,37.6);0.5] [(68.3,80.2);0.5] 2#[0;25;128;(67.3,35.6);5.0]
[(65.3,76.2);1.0] [(53.5,85.1);0.5] [(90.1,96.0);0.5] 2#[0;25;128;(0.0,64.4);5.0]
[(33.7,59.4);1.0] [(14.9,42.6);0.5] [(74.3,49.5);0.5] 2#[0;25;128;(55.4,58.4);5.0]
[(45.5,25.7);1.0] [(89.1,28.7);0.5] [(26.7,12.9);0.5] 2#[0;25;128;(85.1,17.8);5.0]
[(97.0,80.2);1.0] [(74.3,69.3);0.5] [(88.1,27.7);0.5] 2#[0;25;128;(57.4,98.0);5.0]
[(58.4,23.8);1.0] [(73.3,82.2);0.5] [(64.4,15.8);0.5] 2#[0;25;128;(45.5,6.9);5.0]
[(80.2,43.6);1.0] [(87.1,83.2);0.5] [(16.8,38.6);0.5] 2#[0;25;128;(89.1,4.0);5.0]
[(18.8,15.8);1.0] [(7.9,58.4);0.5] [(88.1,34.7);0.5] 2#[0;25;128;(85.1,89.1);5.0]
[(8.9,4.0);1.0] [(65.3,84.2);0.5] [(94.1,14.9);0.5] 2#[0;25;128;(47.5,98.0);5.0]
[(61.4,94.1);1.0] [(28.7,70.3);0.5] [(86.1,80.2);0.5] 2#[0;25;128;(35.6,59.4);5.0]
[(3.0,67.3);1.0] [(75.2,70.3);0.5] [(46.5,33.7);0.5] 2#[0;25;128;(88.1,84.2);5.0]
[(89.1,82.2);1.0] [(16.8,10.9);0.5] [(1.0,41.6);0.5] 2#[0;25;128;(70.3,60.4);5.0]
[(56.4,26.7);1.0] [(88.1,55.4);0.5] [(48.5,85.1);0.5] 2#[0;25;128;(85.1,20.8);5.0]
[(22.8,5.9);1.0] [(41.6,80.2);0.5] [(57.4,88.1);0.5] 2#[0;25;128;(33.7,42.6);5.0]
[(80.2,56.4);1.0] [(39.6,71.3);0.5] [(45.5,50.5);0.5] 2#[0;25;128;(88.1,54.5);5.0]
[(92.1,9.9);1.0] [(84.2,45.5);0.5] [(99.0,31.7);0.5] 2#[0;25;128;(21.8,67.3);5.0]
[(91.1,76.2);1.0] [(31.7,8.9);0.5] [(88.1,53.5);0.5] 2#[0;25;128;(87.1,7.9);5.0]
[(67.3,95.0);1.0] [(64.4,30.7);0.5] [(96.0,64.4);0.5] 2#[0;25;128;(41.6,81.2);5.0]
[(72.3,98.0);1.0] [(2.0,25.7);0.5] [(92.1,87.1);0.5] 2#[0;25;128;(57.4,30.7);5.0]
[(47.5,45.5);1.0] [(93.1,4.0);0.5] [(49.5,77.2);0.5] 2#[0;25;128;(65.3,74.3);5.0]
[(20.8,65.3);1.0] [(63.4,54.5);0.5] [(59.4,40.6);0.5] 2#[0;25;128;(11.9,55.4);5.0]
[(68.3,95.0);1.0] [(94.1,65.3);0.5] [(28.7,72.3);0.5] 2#[0;25;128;(65.3,3.0);5.0]
[(1.0,72.3);1.0] [(39.6,6.9);0.5] [(31.7,17.8);0.5] 2#[0;25;128;(7.9,48.5);5.0]
[(13.9,4.0);1.0] [(60.4,60.4);0.5] [(55.4,76.2);0.5] 2#[0;25;128;(5.0,59.4);5.0]
[(8.9,84.2);1.0] [(68.3,50.5);0.5] [(43.6,35.6);0.5] 2#[0;25;128;(5.9,46.5);5.0]
[(41.6,44.6);1.0] [(17.8,43.6);0.5] [(89.1,66.3);0.5] 2#[0;25;128;(28.7,7.9);5.0]
[(75.2,56.4);1.0] [(17.8,88.1);0.5] [(68.3,36.6);0.5] 2#[0;25;128;(34.7,98.0);5.0]
[(43.6,77.2);1.0] [(41.6,85.1);0.5] [(10.9,64.4);0.5] 2#[0;25;128;(0.0,46.5);5.0]
[(41.6,22.8);1.0] [(97.0,58.4);0.5] [(7.9,8.9);0.5] 2#[0;25;128;(65.3,86.1);5.0]
[(86.1,62.4);1.0] [(79.2,41.6);0.5] [(95.0,67.3);0.5] 2#[0;25;128;(5.9,74.3);5.0]
[(25.7,41.6);1.0] [(85.1,6.9);0.5] [(33.7,5.9);0.5] 2#[0;25;128;(18.8,33.7);5.0]
[(96.0,84.2);1.0] [(52.5,24.8);0.5] [(32.7,88.1);0.5] 2#[0;25;128;(74.3,56.4);5.0]
[(42.6,35.6);1.0] [(2.0,36.6);0.5] [(27.7,88.1);0.5] 2#[0;25;128;(69.3,8.9);5.0]
[(40.6,75.2);1.0] [(98.0,18.8);0.5] [(94.1,24.8);0.5] 2#[0;25;128;(8.9,76.2);5.0]
[(0.0,13.9);1.0] [(34.7,84.2);0.5] [(87.1,59.4);0.5] 2#[0;25;128;(68.3,34.7);5.0]
[(91.1,25.7);1.0] [(66.3,14.9);0.5] [(84.2,90.1);0.5] 2#[0;25;128;(33.7,51.5);5.0]
[(87.1,81.2);1.0] [(56.4,4.0);0.5] [(36.6,95.0);0.5] 2#[0;25;128;(40.6,47.5);5.0]
[(5.0,0.0);1.0] [(87.1,15.8);0.5] [(19.8,85.1);0.5] 2#[0;25;128;(55.4,34.7);5.0]
[(50.5,12.9);1.0] [(45.5,99.0);0.5] [(43.6,11.9);0.5] 2#[0;25;128;(33.7,29.7);5.0]
[(13.9,96.0);1.0] [(56.4,37.6);0.5] [(28.7,5.9);0.5] 2#[0;25;128;(10.9,54.5);5.0]
[(10.9,18.8);1.0] [(73.3,78.2);0.5] [(87.1,5.0);0.5] 2#[0;25;128;(13.9,72.3);5.0]
[(47.5,88.1);1.0] [(4.0,62.4);0.5] [(79.2,53.5);0.5] 2#[0;25;128;(70.3,34.7);5.0]
[(3.0,18.8);1.0] [(14.9,47.5);0.5] [(90.1,15.8);0.5] 2#[0;25;128;(28.7,24.8);5.0]
[(14.9,29.7);1.0] [(66.3,17.8);0.5] [(15.8,95.0);0.5] 2#[0;25;128;(29.7,50.5);5.0]
[(38.6,11.9);1.0] [(78.2,80.2);0.5] [(21.8,88.1);0.5] 2#[0;25;128;(0.0,30.7);5.0]
[(8.9,32.7);1.0] [(71.3,25.7);0.5] [(53.5,65.3);0.5] 2#[0;25;128;(90.1,99.0);5.0]
[(63.4,82.2);1.0] [(55.4,37.6);0.5] [(92.1,56.4);0.5] 2#[0;25;128;(52.5,43.6);5.0]
[(8.9,5.9);1.0] [(38.6,8.9);0.5] [(55.4,74.3);0.5] 2#[0;25;128;(12.9,96.0);5.0]
[(42.6,26.7);1.0] [(29.7,45.5);0.5] [(96.0,35.6);0.5] 2#[0;25;128;(87.1,5.0);5.0]
[(44.6,81.2);1.0] [(99.0,18.8);0.5] [(90.1,96.0);0.5] 2#[0;25;128;(88.1,87.1);5.0]
[(80.2,64.4);1.0] [(57.4,56.4);0.5] [(18.8,44.6);0.5] 2#[0;25;128;(50.5,23.8);5.0]
[(93.1,21.8);1.0] [(43.6,34.7);0.5] [(73.3,96.0);0.5] 2#[0;25;128;(96.0,48.5);5.0]
[(99.0,61.4);1.0] [(9.9,78.2);0.5] [(68.3,88.1);0.5] 2#[0;25;128;(58.4,52.5);5.0]
[(44.6,38.6);1.0] [(54.5,27.7);0.5] [(24.8,56.4);0.5] 2#[0;25;128;(98.0,87.1);5.0]
[(95.0,38.6);1.0] [(87.1,45.5);0.5] [(17.8,80.2);0.5] 2#[0;25;128;(74.3,51.5);5.0]
[(73.3,34.7);1.0] [(9.9,76.2);0.5] [(72.3,52.5);0.5] 2#[0;25;128;(40.6,6.9);5.0]
[(24.8,10.9);1.0] [(0.0,37.6);0.5] [(55.4,73.3);0.5] 2#[0;25;128;(43.6,33.7);5.0]
[(80.2,25.7);1.0] [(54.5,64.4);0.5] [(42.6,77.2);0.5] 2#[0;25;128;(43.6,58.4);5.0]
[(67.3,35.6);1.0] [(28.7,68.3);0.5] [(72.3,5.9);0.5] 2#[0;25;128;(41.6,86.1);5.0]
[(83.2,68.3);1.0] [(70.3,28.7);0.5] [(66.3,65.3);0.5] 2#[0;25;128;(10.9,61.4);5.0]
[(24.8,23.8);1.0] [(28.7,32.7);0.5] [(81.2,61.4);0.5] 2#[0;25;128;(68.3,28.7);5.0]
[(99.0,28.7);1.0] [(82.2,5.0);0.5] [(52.5,22.8);0.5] 2#[0;25;128;(5.0,63.4);5.0]
[(14.9,91.1);1.0] [(74.3,97.0);0.5] [(89.1,25.7);0.5] 2#[0;25;128;(8.9,18.8);5.0]
[(62.4,53.5);1.0] [(14.9,55.4);0.5] [(73.3,12.9);0.5] 2#[0;25;128;(61.4,3.0);5.0]
[(77.2,66.3);1.0] [(57.4,2.0);0.5] [(54.5,52.5);0.5] 2#[0;25;128;(55.4,55.4);5.0]
[(64.4,16.8);1.0] [(96.0,25.7);0.5] [(71.3,23.8);0.5] 2#[0;25;128;(48.5,37.6);5.0]
[(30.7,90.1);1.0] [(22.8,38.6);0.5] [(81.2,9.9);0.5] 2#[0;25;128;(4.0,43.6);5.0]
[(92.1,44.6);1.0] [(99.0,21.8);0.5] [(69.3,36.6);0.5] 2#[0;25;128;(68.3,17.8);5.0]
[(86.1,5.9);1.0] [(85.1,43.6);0.5] [(71.3,73.3);0.5] 2#[0;25;128;(8.9,53.5);5.0]
[(51.5,30.7);1.0] [(61.4,46.5);0.5] [(31.7,24.8);0.5] 2#[0;25;128;(79.2,85.1);5.0]
[(61.4,71.3);1.0] [(48.5,9.9);0.5] [(95.0,24.8);0.5] 2#[0;25;128;(7.9,72.3);5.0]
[(8.9,23.8);1.0] [(46.5,25.7);0.5] [(66.3,19.8);0.5] 2#[0;25;128;(96.0,60.4);5.0]
[(68.3,98.0);1.0] [(35.6,17.8);0.5] [(29.7,59.4);0.5] 2#[0;25;128;(72.3,5.0);5.0]
[(31.7,2.0);1.0] [(41.6,44.6);0.5] [(68.3,77.2);0.5] 2#[0;25;128;(21.8,23.8);5.0]
[(37.6,96.0);1.0] [(10.9,63.4);0.5] [(60.4,29.7);0.5] 2#[0;25;128;(51.5,9.9);5.0]
[(59.4,65.3);1.0] [(23.8,18.8);0.5] [(8.9,40.6);0.5] 2#[0;25;128;(21.8,10.9);5.0]
[(33.7,38.6);1.0] [(26.7,47.5);0.5] [(9.9,32.7);0.5] 2#[0;25;128;(5.9,50.5);5.0]
[(36.6,37.6);1.0] [(6.9,30.7);0.5] [(33.7,10.9);0.5] 2#[0;25;128;(54.5,31.7);5.0]
[(51.5,98.0);1.0] [(39.6,28.7);0.5] [(53.5,88.1);0.5] 2#[0;25;128;(31.7,27.7);5.0]
[(57.4,41.6);1.0] [(95.0,55.4);0.5] [(40.6,42.6);0.5] 2#[0;25;128;(53.5,97.0);5.0]
[(20.8,18.8);1.0] [(89.1,30.7);0.5] [(70.3,97.0);0.5] 2#[0;25;128;(86.1,84.2);5.0]
[(69.3,34.7);1.0] [(5.0,41.6);0.5] [(64.4,37.6);0.5] 2#[0;25;128;(11.9,60.4);5.0]
[(0.0,60.4);1.0] [(35.6,3.0);0.5] [(65.3,4.0);0.5] 2#[0;25;128;(63.4,43.6);5.0]
[(67.3,75.2);1.0] [(35.6,0.0);0.5] [(11.9,25.7);0.5] 2#[0;25;128;(62.4,72.3);5.0]
[(72.3,11.9);1.0] [(96.0,45.5);0.5] [(25.7,65.3);0.5] 2#[0;25;128;(83.2,1.0);5.0]
[(61.4,53.5);1.0] [(45.5,47.5);0.5] [(96.0,75.2);0.5] 2#[0;25;128;(73.3,54.5);5.0]
[(12.9,31.7);1.0] [(52.5,7.9);0.5] [(68.3,33.7);0.5] 2#[0;25;128;(10.9,95.0);5.0]
[(56.4,91.1);1.0] [(10.9,49.5);0.5] [(4.0,41.6);0.5] 2#[0;25;128;(47.5,35.6);5.0]
[(75.2,31.7);1.0] [(47.5,93.1);0.5] [(49.5,13.9);0.5] 2#[0;25;128;(46.5,87.1);5.0]
[(65.3,13.9);1.0] [(0.0,61.4);0.5] [(78.2,65.3);0.5] 2#[0;25;128;(1.0,1.0);5.0]
[(41.6,84.2);1.0] [(94.1,5.9);0.5] [(32.7,25.7);0.5] 2#[0;25;128;(72.3,72.3);5.0]
[(84.2,47.5);1.0] [(77.2,60.4);0.5] [(7.9,8.9);0.5] 2#[0;25;128;(62.4,75.2);5.0]
[(85.1,36.6);1.0] [(88.1,63.4);0.5] [(53.5,28.7);0.5] 2#[0;25;128;(30.7,82.2);5.0]
[(76.2,68.3);1.0] [(32.7,6.9);0.5] [(21.8,11.9);0.5] 2#[0;25;128;(35.6,47.5);5.0]
[(9.9,72.3);1.0] [(61.4,20.8);0.5] [(66.3,66.3);0.5] 2#[0;25;128;(20.8,17.8);5.0]
[(3.0,49.5);1.0] [(24.8,83.2);0.5] [(39.6,87.1);0.5] 2#[0;25;128;(68.3,96.0);5.0]
[(63.4,7.9);1.0] [(56.4,92.1);0.5] [(52.5,30.7);0.5] 2#[0;25;128;(14.9,77.2);5.0]
[(12.9,51.5);1.0] [(34.7,54.5);0.5] [(27.7,21.8);0.5] 2#[0;25;128;(96.0,93.1);5.0]
[(80.2,70.3);1.0] [(70.3,24.8);0.5] [(39.6,77.2);0.5] 2#[0;25;128;(97.0,75.2);5.0]
[(9.9,0.0);1.0] [(38.6,31.7);0.5] [(48.5,78.2);0.5] 2#[0;25;128;(14.9,14.9);5.0]
[(75.2,65.3);1.0] [(29.7,89.1);0.5] [(14.9,4.0);0.5] 2#[0;25;128;(24.8,50.5);5.0]
[(13.9,10.9);1.0] [(55.4,7.9);0.5] [(51.5,13.9);0.5] 2#[0;25;128;(95.0,83.2);5.0]
[(84.2,79.2);1.0] [(92.1,33.7);0.5] [(72.3,64.4);0.5] 2#[0;25;128;(54.5,89.1);5.0]
[(23.8,47.5);1.0] [(66.3,97.0);0.5] [(83.2,81.2);0.5] 2#[0;25;128;(93.1,5.0);5.0]
[(9.9,40.6);1.0] [(54.5,12.9);0.5] [(85.1,91.1);0.5] 2#[0;25;128;(21.8,59.4);5.0]
[(31.7,4.0);1.0] [(46.5,91.1);0.5] [(85.1,50.5);0.5] 2#[0;25;128;(73.3,16.8);5.0]
[(44.6,18.8);1.0] [(71.3,26.7);0.5] [(36.6,63.4);0.5] 2#[0;25;128;(39.6,55.4);5.0]
[(24.8,26.7);1.0] [(52.5,55.4);0.5] [(25.7,34.7);0.5] 2#[0;25;128;(41.6,46.5);5.0]
[(17.8,46.5);1.0] [(62.4,5.0);0.5] [(25.7,7.9);0.5] 2#[0;25;128;(67.3,34.7);5.0]
[(37.6,18.8);1.0] [(58.4,72.3);0.5] [(3.0,98.0);0.5] 2#[0;25;128;(56.4,34.7);5.0]
[(83.2,0.0);1.0] [(43.6,46.5);0.5] [(80.2,72.3);0.5] 2#[0;25;128;(49.5,85.1);5.0]
[(40.6,22.8);1.0] [(54.5,96.0);0.5] [(36.6,25.7);0.5] 2#[0;25;128;(65.3,85.1);5.0]
[(68.3,40.6);1.0] [(7.9,24.8);0.5] [(31.7,65.3);0.5] 2#[0;25;128;(53.5,94.1);5.0]
[(38.6,34.7);1.0] [(48.5,73.3);0.5] [(31.7,52.5);0.5] 2#[0;25;128;(87.1,81.2);5.0]
[(33.7,2.0);1.0] [(34.7,20.8);0.5] [(30.7,67.3);0.5] 2#[0;25;128;(0.0,41.6);5.0]
[(30.7,55.4);1.0] [(85.1,86.1);0.5] [(55.4,13.9);0.5] 2#[0;25;128;(54.5,31.7);5.0]
[(29.7,37.6);1.0] [(42.6,80.2);0.5] [(89.1,8.9);0.5] 2#[0;25;128;(65.3,18.8);5.0]
[(37.6,1.0);1.0] [(84.2,57.4);0.5] [(56.4,36.6);0.5] 2#[0;25;128;(25.7,11.9);5.0]
[(87.1,28.7);1.0] [(73.3,98.0);0.5] [(37.6,79.2);0.5] 2#[0;25;128;(6.9,45.5);5.0]
[(20.8,68.3);1.0] [(19.8,15.8);0.5] [(48.5,32.7);0.5] 2#[0;25;128;(80.2,50.5);5.0]
[(36.6,78.2);1.0] [(6.9,83.2);0.5] [(45.5,46.5);0.5] 2#[0;25;128;(8.9,14.9);5.0]
[(7.9,69.3);1.0] [(17.8,31.7);0.5] [(65.3,45.5);0.5] 2#[0;25;128;(5.9,56.4);5.0]
[(64.4,86.1);1.0] [(69.3,47.5);0.5] [(98.0,55.4);0.5] 2#[0;25;128;(22.8,31.7);5.0]
[(31.7,26.7);1.0] [(19.8,86.1);0.5] [(5.0,5.9);0.5] 2#[0;25;128;(33.7,53.5);5.0]
[(27.7,67.3);1.0] [(16.8,32.7);0.5] [(79.2,48.5);0.5] 2#[0;25;128;(25.7,73.3);5.0]
[(92.1,8.9);1.0] [(25.7,91.1);0.5] [(74.3,30.7);0.5] 2#[0;25;128;(23.8,40.6);5.0]
[(77.2,27.7);1.0] [(41.6,43.6);0.5] [(69.3,89.1);0.5] 2#[0;25;128;(72.3,81.2);5.0]
[(68.3,58.4);1.0] [(83.2,20.8);0.5] [(10.9,2.0);0.5] 2#[0;25;128;(82.2,79.2);5.0]
[(97.0,32.7);1.0] [(17.8,81.2);0.5] [(70.3,80.2);0.5] 2#[0;25;128;(4.0,72.3);5.0]
[(30.7,0.0);1.0] [(49.5,77.2);0.5] [(8.9,64.4);0.5] 2#[0;25;128;(46.5,4.0);5.0]
[(90.1,27.7);1.0] [(54.5,33.7);0.5] [(9.9,84.2);0.5] 2#[0;25;128;(51.5,74.3);5.0]
[(73.3,79.2);1.0] [(67.3,12.9);0.5] [(17.8,67.3);0.5] 2#[0;25;128;(37.6,34.7);5.0]
[(43.6,3.0);1.0] [(30.7,72.3);0.5] [(81.2,13.9);0.5] 2#[0;25;128;(25.7,78.2);5.0]
[(95.0,56.4);1.0] [(75.2,61.4);0.5] [(64.4,30.7);0.5] 2#[0;25;128;(56.4,36.6);5.0]
[(8.9,87.1);1.0] [(48.5,41.6);0.5] [(69.3,10.9);0.5] 2#[0;25;128;(28.7,79.2);5.0]
[(72.3,38.6);1.0] [(99.0,71.3);0.5] [(49.5,16.8);0.5] 2#[0;25;128;(52.5,30.7);5.0]
[(88.1,8.9);1.0] [(94.1,47.5);0.5] [(78.2,65.3);0.5] 2#[0;25;128;(53.5,19.8);5.0]
[(48.5,19.8);1.0] [(87.1,53.5);0.5] [(72.3,50.5);0.5] 2#[0;25;128;(0.0,39.6);5.0]
[(89.1,75.2);1.0] [(85.1,57.4);0.5] [(81.2,44.6);0.5] 2#[0;25;128;(40.6,37.6);5.0]
[(88.1,74.3);1.0] [(49.5,54.5);0.5] [(93.1,87.1);0.5] 2#[0;25;128;(90.1,31.7);5.0]
[(74.3,3.0);1.0] [(20.8,10.9);0.5] [(95.0,35.6);0.5] 2#[0;25;128;(76.2,84.2);5.0]
[(84.2,58.4);1.0] [(62.4,97.0);0.5] [(32.7,91.1);0.5] 2#[0;25;128;(22.8,4.0);5.0]
[(90.1,36.6);1.0] [(97.0,24.8);0.5] [(93.1,83.2);0.5] 2#[0;25;128;(60.4,34.7);5.0]
[(98.0,12.9);1.0] [(93.1,4.0);0.5] [(36.6,25.7);0.5] 2#[0;25;128;(32.7,54.5);5.0]
[(4.0,81.2);1.0] [(17.8,98.0);0.5] [(39.6,79.2);0.5] 2#[0;25;128;(55.4,12.9);5.0]
[(36.6,19.8);1.0] [(99.0,68.3);0.5] [(88.1,29.7);0.5] 2#[0;25;128;(85.1,47.5);5.0]
[(2.0,29.7);1.0] [(93.1,44.6);0.5] [(83.2,54.5);0.5] 2#[0;25;128;(79.2,36.6);5.0]
[(41.6,77.2);1.0] [(74.3,55.4);0.5] [(33.7,7.9);0.5] 2#[0;25;128;(32.7,28.7);5.0]
[(46.5,37.6);1.0] [(3.0,9.9);0.5] [(21.8,16.8);0.5] 2#[0;25;128;(37.6,72.3);5.0]
[(0.0,13.9);1.0] [(29.7,24.8);0.5] [(59.4,17.8);0.5] 2#[0;25;128;(22.8,79.2);5.0]
[(60.4,64.4);1.0] [(42.6,85.1);0.5] [(11.9,56.4);0.5] 2#[0;25;128;(32.7,48.5);5.0]
[(34.7,58.4);1.0] [(57.4,37.6);0.5] [(35.6,65.3);0.5] 2#[0;25;128;(60.4,43.6);5.0]
[(89.1,78.2);1.0] [(58.4,23.8);0.5] [(13.9,83.2);0.5] 2#[0;25;128;(68.3,36.6);5.0]
[(43.6,73.3);1.0] [(23.8,5.9);0.5] [(40.6,36.6);0.5] 2#[0;25;128;(79.2,32.7);5.0]
[(56.4,10.9);1.0] [(63.4,55.4);0.5] [(22.8,29.7);0.5] 2#[0;25;128;(99.0,0.0);5.0]
[(67.3,5.0);1.0] [(23.8,65.3);0.5] [(93.1,0.0);0.5] 2#[0;25;128;(87.1,64.4);5.0]
[(23.8,47.5);1.0] [(90.1,55.4);0.5] [(62.4,96.0);0.5] 2#[0;25;128;(66.3,5.0);5.0]
[(98.0,59.4);1.0] [(3.0,96.0);0.5] [(39.6,65.3);0.5] 2#[0;25;128;(22.8,37.6);5.0]
[(9.9,48.5);1.0] [(33.7,54.5);0.5] [(64.4,76.2);0.5] 2#[0;25;128;(41.6,34.7);5.0]
[(5.9,94.1);1.0] [(91.1,52.5);0.5] [(22.8,87.1);0.5] 2#[0;25;128;(77.2,69.3);5.0]
[(20.8,50.5);1.0] [(88.1,57.4);0.5] [(57.4,10.9);0.5] 2#[0;25;128;(59.4,87.1);5.0]
[(72.3,77.2);1.0] [(17.8,19.8);0.5] [(43.6,4.0);0.5] 2#[0;25;128;(2.0,43.6);5.0]
[(38.6,83.2);1.0] [(4.0,5.0);0.5] [(58.4,60.4);0.5] 2#[0;25;128;(64.4,10.9);5.0]
[(24.8,32.7);1.0] [(31.7,74.3);0.5] [(99.0,55.4);0.5] 2#[0;25;128;(77.2,72.3);5.0]
[(90.1,56.4);1.0] [(61.4,22.8);0.5] [(13.9,50.5);0.5] 2#[0;25;128;(33.7,4.0);5.0]
[(76.2,43.6);1.0] [(74.3,69.3);0.5] [(6.9,85.1);0.5] 2#[0;25;128;(57.4,92.1);5.0]
[(40.6,40.6);1.0] [(83.2,56.4);0.5] [(38.6,77.2);0.5] 2#[0;25;128;(90.1,18.8);5.0]
[(49.5,80.2);1.0] [(13.9,89.1);0.5] [(19.8,14.9);0.5] 2#[0;25;128;(59.4,6.9);5.0]
[(34.7,41.6);1.0] [(47.5,22.8);0.5] [(98.0,38.6);0.5] 2#[0;25;128;(56.4,92.1);5.0]
[(69.3,31.7);1.0] [(5.0,52.5);0.5] [(16.8,56.4);0.5] 2#[0;25;128;(30.7,82.2);5.0]
[(48.5,16.8);1.0] [(36.6,12.9);0.5] [(88.1,97.0);0.5] 2#[0;25;128;(98.0,61.4);5.0]
[(31.7,40.6);1.0] [(83.2,99.0);0.5] [(57.4,50.5);0.5] 2#[0;25;128;(66.3,72.3);5.0]
[(34.7,92.1);1.0] [(16.8,49.5);0.5] [(30.7,93.1);0.5] 2#[0;25;128;(6.9,83.2);5.0]
[(35.6,87.1);1.0] [(56.4,96.0);0.5] [(32.7,31.7);0.5] 2#[0;25;128;(86.1,75.2);5.0]
[(42.6,92.1);1.0] [(67.3,68.3);0.5] [(59.4,79.2);0.5] 2#[0;25;128;(50.5,28.7);5.0]
[(39.6,86.1);1.0] [(43.6,10.9);0.5] [(24.8,99.0);0.5] 2#[0;25;128;(49.5,48.5);5.0]
[(0.0,89.1);1.0] [(33.7,2.0);0.5] [(1.0,12.9);0.5] 2#[0;25;128;(27.7,96.0);5.0]
[(28.7,56.4);1.0] [(27.7,46.5);0.5] [(61.4,95.0);0.5] 2#[0;25;128;(34.7,63.4);5.0]
[(79.2,23.8);1.0] [(23.8,26.7);0.5] [(5.0,66.3);0.5] 2#[0;25;128;(28.7,40.6);5.0]
[(4.0,47.5);1.0] [(24.8,70.3);0.5] [(78.2,14.9);0.5] 2#[0;25;128;(74.3,40.6);5.0]
[(0.0,71.3);1.0] [(82.2,51.5);0.5] [(70.3,29.7);0.5] 2#[0;25;128;(7.9,94.1);5.0]
[(0.0,88.1);1.0] [(72.3,19.8);0.5] [(80.2,10.9);0.5] 2#[0;25;128;(97.0,72.3);5.0]
[(27.7,38.6);1.0] [(54.5,87.1);0.5] [(10.9,35.6);0.5] 2#[0;25;128;(83.2,95.0);5.0]
[(59.4,48.5);1.0] [(5.0,96.0);0.5] [(74.3,38.6);0.5] 2#[0;25;128;(31.7,42.6);5.0]
[(39.6,69.3);1.0] [(78.2,89.1);0.5] [(31.7,7.9);0.5] 2#[0;25;128;(46.5,85.1);5.0]
[(86.1,35.6);1.0] [(17.8,68.3);0.5] [(75.2,21.8);0.5] 2#[0;25;128;(24.8,1.0);5.0]
[(27.7,84.2);1.0] [(38.6,79.2);0.5] [(7.9,99.0);0.5] 2#[0;25;128;(17.8,70.3);5.0]
[(5.0,59.4);1.0] [(20.8,48.5);0.5] [(18.8,16.8);0.5] 2#[0;25;128;(39.6,73.3);5.0]
[(94.1,95.0);1.0] [(36.6,80.2);0.5] [(62.4,55.4);0.5] 2#[0;25;128;(30.7,33.7);5.0]
[(32.7,11.9);1.0] [(49.5,25.7);0.5] [(20.8,5.0);0.5] 2#[0;25;128;(81.2,35.6);5.0]
[(19.8,19.8);1.0] [(54.5,5.9);0.5] [(48.5,62.4);0.5] 2#[0;25;128;(76.2,23.8);5.0]
[(55.4,3.0);1.0] [(11.9,56.4);0.5] [(46.5,0.0);0.5] 2#[0;25;128;(19.8,96.0);5.0]
[(25.7,99.0);1.0] [(91.1,11.9);0.5] [(11.9,16.8);0.5] 2#[0;25;128;(37.6,23.8);5.0]
[(96.0,43.6);1.0] [(82.2,83.2);0.5] [(91.1,5.0);0.5] 2#[0;25;128;(17.8,84.2);5.0]
[(33.7,64.4);1.0] [(94.1,87.1);0.5] [(14.9,72.3);0.5] 2#[0;25;128;(71.3,60.4);5.0]
[(60.4,94.1);1.0] [(46.5,9.9);0.5] [(6.9,59.4);0.5] 2#[0;25;128;(28.7,32.7);5.0]
[(56.4,77.2);1.0] [(75.2,75.2);0.5] [(43.6,69.3);0.5] 2#[0;25;128;(81.2,29.7);5.0]
[(41.6,76.2);1.0] [(23.8,36.6);0.5] [(22.8,7.9);0.5] 2#[0;25;128;(55.4,62.4);5.0]
[(20.8,13.9);1.0] [(5.0,95.0);0.5] [(3.0,74.3);0.5] 2#[0;25;128;(25.7,78.2);5.0]
[(25.7,42.6);1.0] [(35.6,29.7);0.5] [(86.1,30.7);0.5] 2#[0;25;128;(28.7,67.3);5.0]
[(27.7,98.0);1.0] [(41.6,14.9);0.5] [(63.4,36.6);0.5] 2#[0;25;128;(75.2,33.7);5.0]
[(98.0,69.3);1.0] [(65.3,56.4);0.5] [(57.4,0.0);0.5] 2#[0;25;128;(29.7,73.3);5.0]
[(12.9,2.0);1.0] [(79.2,25.7);0.5] [(70.3,74.3);0.5] 2#[0;25;128;(20.8,53.5);5.0]
[(48.5,24.8);1.0] [(58.4,67.3);0.5] [(96.0,0.0);0.5] 2#[0;25;128;(27.7,68.3);5.0]
[(66.3,12.9);1.0] [(81.2,33.7);0.5] [(71.3,31.7);0.5] 2#[0;25;128;(13.9,94.1);5.0]
[(35.6,53.5);1.0] [(39.6,8.9);0.5] [(26.7,93.1);0.5] 2#[0;25;128;(1.0,14.9);5.0]
[(92.1,52.5);1.0] [(97.0,35.6);0.5] [(14.9,73.3);0.5] 2#[0;25;128;(13.9,94.1);5.0]
[(83.2,89.1);1.0] [(21.8,69.3);0.5] [(88.1,0.0);0.5] 2#[0;25;128;(17.8,10.9);5.0]
[(60.4,25.7);1.0] [(58.4,9.9);0.5] [(12.9,4.0);0.5] 2#[0;25;128;(90.1,37.6);5.0]
[(89.1,6.9);1.0] [(38.6,66.3);0.5] [(4.0,70.3);0.5] 2#[0;25;128;(36.6,26.7);5.0]
[(79.2,54.5);1.0] [(22.8,20.8);0.5] [(53.5,67.3);0.5] 2#[0;25;128;(7.9,92.1);5.0]
[(91.1,24.8);1.0] [(68.3,71.3);0.5] [(69.3,81.2);0.5] 2#[0;25;128;(1.0,29.7);5.0]
[(83.2,92.1);1.0] [(74.3,35.6);0.5] [(90.1,41.6);0.5] 2#[0;25;128;(66.3,57.4);5.0]
[(13.9,22.8);1.0] [(90.1,85.1);0.5] [(59.4,29.7);0.5] 2#[0;25;128;(3.0,35.6);5.0]
[(62.4,58.4);1.0] [(98.0,60.4);0.5] [(24.8,81.2);0.5] 2#[0;25;128;(26.7,93.1);5.0]
[(92.1,52.5);1.0] [(17.8,78.2);0.5] [(81.2,90.1);0.5] 2#[0;25;128;(94.1,0.0);5.0]
[(9.9,31.7);1.0] [(20.8,17.8);0.5] [(65.3,62.4);0.5] 2#[0;25;128;(5.9,87.1);5.0]
[(40.6,11.9);1.0] [(2.0,55.4);0.5] [(24.8,36.6);0.5] 2#[0;25;128;(42.6,14.9);5.0]
[(20.8,28.7);1.0] [(25.7,79.2);0.5] [(5.0,9.9);0.5] 2#[0;25;128;(18.8,29.7);5.0]
[(63.4,53.5);1.0] [(43.6,31.7);0.5] [(94.1,28.7);0.5] 2#[0;25;128;(80.2,63.4);5.0]
[(18.8,37.6);1.0] [(62.4,57.4);0.5] [(72.3,23.8);0.5] 2#[0;25;128;(92.1,29.7);5.0]
[(90.1,5.0);1.0] [(61.4,89.1);0.5] [(14.9,5.9);0.5] 2#[0;25;128;(0.0,42.6);5.0]
[(38.6,57.4);1.0] [(13.9,20.8);0.5] [(39.6,55.4);0.5] 2#[0;25;128;(19.8,26.7);5.0]
[(79.2,20.8);1.0] [(29.7,86.1);0.5] [(21.8,10.9);0.5] 2#[0;25;128;(10.9,60.4);5.0]
[(54.5,71.3);1.0] [(94.1,9.9);0.5] [(78.2,55.4);0.5] 2#[0;25;128;(70.3,83.2);5.0]
[(11.9,39.6);1.0] [(47.5,63.4);0.5] [(97.0,79.2);0.5] 2#[0;25;128;(10.9,45.5);5.0]
[(2.0,35.6);1.0] [(50.5,63.4);0.5] [(69.3,58.4);0.5] 2#[0;25;128;(95.0,92.1);5.0]
[(29.7,79.2);1.0] [(51.5,15.8);0.5] [(71.3,18.8);0.5] 2#[0;25;128;(55.4,51.5);5.0]
[(51.5,46.5);1.0] [(82.2,68.3);0.5] [(40.6,30.7);0.5] 2#[0;25;128;(54.5,15.8);5.0]
[(98.0,83.2);1.0] [(19.8,55.4);0.5] [(59.4,24.8);0.5] 2#[0;25;128;(14.9,54.5);5.0]
[(68.3,81.2);1.0] [(51.5,29.7);0.5] [(43.6,82.2);0.5] 2#[0;25;128;(67.3,57.4);5.0]
[(69.3,20.8);1.0] [(63.4,74.3);0.5] [(43.6,24.8);0.5] 2#[0;25;128;(31.7,88.1);5.0]
[(74.3,27.7);1.0] [(42.6,98.0);0.5] [(62.4,29.7);0.5] 2#[0;25;128;(61.4,22.8);5.0]
[(56.4,49.5);1.0] [(16.8,86.1);0.5] [(34.7,48.5);0.5] 2#[0;25;128;(32.7,16.8);5.0]
[(12.9,92.1);1.0] [(54.5,43.6);0.5] [(99.0,16.8);0.5] 2#[0;25;128;(76.2,75.2);5.0]
[(45.5,1.0);1.0] [(48.5,71.3);0.5] [(27.7,32.7);0.5] 2#[0;25;128;(95.0,84.2);5.0]
[(3.0,47.5);1.0] [(64.4,23.8);0.5] [(77.2,18.8);0.5] 2#[0;25;128;(74.3,33.7);5.0]
[(98.0,49.5);1.0] [(18.8,93.1);0.5] [(10.9,75.2);0.5] 2#[0;25;128;(60.4,26.7);5.0]
[(77.2,65.3);1.0] [(68.3,40.6);0.5] [(43.6,78.2);0.5] 2#[0;25;128;(44.6,81.2);5.0]
[(18.8,95.0);1.0] [(38.6,50.5);0.5] [(44.6,10.9);0.5] 2#[0;25;128;(3.0,41.6);5.0]
[(19.8,67.3);1.0] [(18.8,42.6);0.5] [(60.4,28.7);0.5] 2#[0;25;128;(54.5,56.4);5.0]
[(41.6,96.0);1.0] [(80.2,61.4);0.5] [(82.2,47.5);0.5] 2#[0;25;128;(91.1,31.7);5.0]
[(62.4,41.6);1.0] [(30.7,78.2);0.5] [(9.9,64.4);0.5] 2#[0;25;128;(5.0,59.4);5.0]
[(76.2,4.0);1.0] [(92.1,10.9);0.5] [(53.5,9.9);0.5] 2#[0;25;128;(68.3,11.9);5.0]
[(78.2,58.4);1.0] [(62.4,29.7);0.5] [(51.5,25.7);0.5] 2#[0;25;128;(5.0,39.6);5.0]
[(57.4,63.4);1.0] [(35.6,96.0);0.5] [(95.0,76.2);0.5] 2#[0;25;128;(1.0,92.1);5.0]
[(23.8,13.9);1.0] [(57.4,69.3);0.5] [(69.3,10.9);0.5] 2#[0;25;128;(97.0,96.0);5.0]
[(49.5,35.6);1.0] [(35.6,34.7);0.5] [(36.6,31.7);0.5] 2#[0;25;128;(99.0,60.4);5.0]
[(36.6,3.0);1.0] [(26.7,27.7);0.5] [(10.9,6.9);0.5] 2#[0;25;128;(80.2,84.2);5.0]
[(4.0,27.7);1.0] [(74.3,71.3);0.5] [(63.4,89.1);0.5] 2#[0;25;128;(15.8,66.3);5.0]
[(21.8,47.5);1.0] [(75.2,10.9);0.5] [(10.9,27.7);0.5] 2#[0;25;128;(12.9,50.5);5.0]
[(85.1,61.4);1.0] [(80.2,7.9);0.5] [(3.0,91.1);0.5] 2#[0;25;128;(27.7,58.4);5.0]
[(45.5,72.3);1.0] [(65.3,28.7);0.5] [(29.7,77.2);0.5] 2#[0;25;128;(86.1,24.8);5.0]
[(15.8,48.5);1.0] [(70.3,1.0);0.5] [(39.6,41.6);0.5] 2#[0;25;128;(11.9,28.7);5.0]
[(26.7,98.0);1.0] [(85.1,6.9);0.5] [(94.1,57.4);0.5] 2#[0;25;128;(2.0,28.7);5.0]
[(34.7,93.1);1.0] [(68.3,21.8);0.5] [(33.7,25.7);0.5] 2#[0;25;128;(76.2,89.1);5.0]
[(86.1,19.8);1.0] [(15.8,28.7);0.5] [(89.1,58.4);0.5] 2#[0;25;128;(62.4,59.4);5.0]
[(58.4,56.4);1.0] [(53.5,66.3);0.5] [(20.8,8.9);0.5] 2#[0;25;128;(59.4,5.9);5.0]
[(44.6,49.5);1.0] [(86.1,84.2);0.5] [(5.9,39.6);0.5] 2#[0;25;128;(21.8,40.6);5.0]
[(13.9,33.7);1.0] [(27.7,55.4);0.5] [(51.5,5.0);0.5] 2#[0;25;128;(77.2,95.0);5.0]
[(70.3,88.1);1.0] [(86.1,89.1);0.5] [(72.3,98.0);0.5] 2#[0;25;128;(66.3,67.3);5.0]
[(24.8,70.3);1.0] [(94.1,14.9);0.5] [(38.6,16.8);0.5] 2#[0;25;128;(96.0,73.3);5.0]
[(35.6,9.9);1.0] [(74.3,5.9);0.5] [(71.3,90.1);0.5] 2#[0;25;128;(53.5,50.5);5.0]
[(94.1,48.5);1.0] [(56.4,95.0);0.5] [(93.1,49.5);0.5] 2#[0;25;128;(1.0,59.4);5.0]
[(37.6,52.5);1.0] [(5.0,92.1);0.5] [(69.3,9.9);0.5] 2#[0;25;128;(80.2,97.0);5.0]
[(64.4,99.0);1.0] [(10.9,38.6);0.5] [(85.1,78.2);0.5] 2#[0;25;128;(45.5,80.2);5.0]
[(32.7,7.9);1.0] [(26.7,19.8);0.5] [(75.2,80.2);0.5] 2#[0;25;128;(48.5,13.9);5.0]
[(72.3,14.9);1.0] [(41.6,68.3);0.5] [(69.3,20.8);0.5] 2#[0;25;128;(61.4,78.2);5.0]
[(44.6,52.5);1.0] [(18.8,75.2);0.5] [(80.2,43.6);0.5] 2#[0;25;128;(29.7,95.0);5.0]
[(36.6,88.1);1.0] [(85.1,27.7);0.5] [(13.9,5.0);0.5] 2#[0;25;128;(99.0,37.6);5.0]
[(88.1,98.0);1.0] [(18.8,7.9);0.5] [(48.5,88.1);0.5] 2#[0;25;128;(19.8,96.0);5.0]
[(94.1,11.9);1.0] [(4.0,91.1);0.5] [(79.2,64.4);0.5] 2#[0;25;128;(74.3,43.6);5.0]
[(37.6,74.3);1.0] [(71.3,22.8);0.5] [(0.0,40.6);0.5] 2#[0;25;128;(43.6,4.0);5.0]
[(69.3,74.3);1.0] [(88.1,49.5);0.5] [(22.8,44.6);0.5] 2#[0;25;128;(63.4,37.6);5.0]
[(29.7,54.5);1.0] [(87.1,70.3);0.5] [(43.6,22.8);0.5] 2#[0;25;128;(60.4,57.4);5.0]
[(19.8,71.3);1.0] [(76.2,60.4);0.5] [(93.1,29.7);0.5] 2#[0;25;128;(46.5,73.3);5.0]
[(12.9,73.3);1.0] [(67.3,81.2);0.5] [(68.3,69.3);0.5] 2#[0;25;128;(8.9,59.4);5.0]
[(37.6,58.4);1.0] [(93.1,83.2);0.5] [(28.7,96.0);0.5] 2#[0;25;128;(70.3,15.8);5.0]
[(14.9,61.4);1.0] [(40.6,80.2);0.5] [(63.4,45.5);0.5] 2#[0;25;128;(42.6,97.0);5.0]
[(7.9,19.8);1.0] [(48.5,88.1);0.5] [(89.1,98.0);0.5] 2#[0;25;128;(36.6,24.8);5.0]
[(34.7,50.5);1.0] [(61.4,78.2);0.5] [(8.9,13.9);0.5] 2#[0;25;128;(50.5,23.8);5.0]
[(13.9,90.1);1.0] [(57.4,16.8);0.5] [(60.4,91.1);0.5] 2#[0;25;128;(10.9,68.3);5.0]
[(61.4,22.8);1.0] [(10.9,87.1);0.5] [(40.6,4.0);0.5] 2#[0;25;128;(81.2,90.1);5.0]
[(88.1,62.4);1.0] [(33.7,70.3);0.5] [(52.5,58.4);0.5] 2#[0;25;128;(18.8,97.0);5.0]
[(18.8,99.0);1.0] [(33.7,16.8);0.5] [(73.3,89.1);0.5] 2#[0;25;128;(2.0,79.2);5.0]
[(37.6,99.0);1.0] [(10.9,47.5);0.5] [(21.8,17.8);0.5] 2#[0;25;128;(86.1,85.1);5.0]
[(15.8,2.0);1.0] [(95.0,42.6);0.5] [(72.3,83.2);0.5] 2#[0;25;128;(48.5,24.8);5.0]
[(76.2,36.6);1.0] [(30.7,85.1);0.5] [(7.9,53.5);0.5] 2#[0;25;128;(71.3,84.2);5.0]
[(31.7,45.5);1.0] [(52.5,15.8);0.5] [(42.6,77.2);0.5] 2#[0;25;128;(99.0,59.4);5.0]
[(58.4,19.8);1.0] [(1.0,50.5);0.5] [(2.0,30.7);0.5] 2#[0;25;128;(78.2,14.9);5.0]
[(93.1,96.0);1.0] [(6.9,2.0);0.5] [(0.0,79.2);0.5] 2#[0;25;128;(11.9,78.2);5.0]
[(55.4,96.0);1.0] [(10.9,38.6);0.5] [(99.0,20.8);0.5] 2#[0;25;128;(45.5,46.5);5.0]
[(53.5,21.8);1.0] [(16.8,44.6);0.5] [(92.1,24.8);0.5] 2#[0;25;128;(60.4,71.3);5.0]
[(93.1,73.3);1.0] [(8.9,70.3);0.5] [(59.4,10.9);0.5] 2#[0;25;128;(32.7,96.0);5.0]
[(83.2,42.6);1.0] [(53.5,34.7);0.5] [(74.3,71.3);0.5] 2#[0;25;128;(7.9,69.3);5.0]
[(78.2,74.3);1.0] [(51.5,58.4);0.5] [(28.7,15.8);0.5] 2#[0;25;128;(22.8,38.6);5.0]
[(95.0,72.3);1.0] [(8.9,43.6);0.5] [(55.4,89.1);0.5] 2#[0;25;128;(12.9,0.0);5.0]
[(25.7,83.2);1.0] [(54.5,5.9);0.5] [(26.7,54.5);0.5] 2#[0;25;128;(21.8,3.0);5.0]
[(35.6,79.2);1.0] [(44.6,12.9);0.5] [(60.4,85.1);0.5] 2#[0;25;128;(26.7,3.0);5.0]
[(76.2,8.9);1.0] [(42.6,3.0);0.5] [(55.4,12.9);0.5] 2#[0;25;128;(91.1,23.8);5.0]
[(77.2,69.3);1.0] [(97.0,8.9);0.5] [(62.4,87.1);0.5] 2#[0;25;128;(17.8,42.6);5.0]
[(22.8,70.3);1.0] [(20.8,53.5);0.5] [(15.8,98.0);0.5] 2#[0;25;128;(14.9,2.0);5.0]
[(67.3,0.0);1.0] [(38.6,78.2);0.5] [(14.9,85.1);0.5] 2#[0;25;128;(31.7,18.8);5.0]
[(5.0,2.0);1.0] [(91.1,65.3);0.5] [(86.1,28.7);0.5] 2#[0;25;128;(49.5,21.8);5.0]
[(94.1,81.2);1.0] [(6.9,37.6);0.5] [(60.4,80.2);0.5] 2#[0;25;128;(61.4,69.3);5.0]
[(28.7,39.6);1.0] [(47.5,4.0);0.5] [(67.3,51.5);0.5] 2#[0;25;128;(30.7,29.7);5.0]
[(42.6,94.1);1.0] [(21.8,6.9);0.5] [(58.4,71.3);0.5] 2#[0;25;128;(54.5,67.3);5.0]
[(61.4,29.7);1.0] [(49.5,84.2);0.5] [(19.8,35.6);0.5] 2#[0;25;128;(56.4,11.9);5.0]
[(70.3,51.5);1.0] [(55.4,92.1);0.5] [(44.6,41.6);0.5] 2#[0;25;128;(35.6,20.8);5.0]
[(48.5,16.8);1.0] [(5.0,84.2);0.5] [(83.2,23.8);0.5] 2#[0;25;128;(95.0,51.5);5.0]
[(52.5,77.2);1.0] [(14.9,49.5);0.5] [(94.1,58.4);0.5] 2#[0;25;128;(61.4,97.0);5.0]
[(27.7,7.9);1.0] [(65.3,55.4);0.5] [(5.9,87.1);0.5] 2#[0;25;128;(77.2,90.1);5.0]
[(36.6,48.5);1.0] [(11.9,80.2);0.5] [(54.5,46.5);0.5] 2#[0;25;128;(93.1,92.1);5.0]
[(66.3,28.7);1.0] [(28.7,92.1);0.5] [(43.6,93.1);0.5] 2#[0;25;128;(5.9,25.7);5.0]
[(55.4,48.5);1.0] [(67.3,82.2);0.5] [(90.1,29.7);0.5] 2#[0;25;128;(48.5,43.6);5.0]
[(8.9,41.6);1.0] [(7.9,70.3);0.5] [(44.6,69.3);0.5] 2#[0;25;128;(67.3,89.1);5.0]
[(70.3,83.2);1.0] [(1.0,27.7);0.5] [(46.5,69.3);0.5] 2#[0;25;128;(85.1,76.2);5.0]
[(75.2,86.1);1.0] [(54.5,38.6);0.5] [(37.6,64.4);0.5] 2#[0;25;128;(11.9,45.5);5.0]
[(74.3,96.0);1.0] [(24.8,83.2);0.5] [(76.2,84.2);0.5] 2#[0;25;128;(44.6,8.9);5.0]
[(27.7,37.6);1.0] [(59.4,74.3);0.5] [(63.4,48.5);0.5] 2#[0;25;128;(56.4,14.9);5.0]
[(85.1,50.5);1.0] [(89.1,49.5);0.5] [(40.6,68.3);0.5] 2#[0;25;128;(1.0,44.6);5.0]
[(82.2,18.8);1.0] [(78.2,91.1);0.5] [(68.3,57.4);0.5] 2#[0;25;128;(57.4,67.3);5.0]
[(70.3,93.1);1.0] [(48.5,68.3);0.5] [(11.9,28.7);0.5] 2#[0;25;128;(75.2,41.6);5.0]
[(35.6,41.6);1.0] [(95.0,37.6);0.5] [(42.6,56.4);0.5] 2#[0;25;128;(11.9,46.5);5.0]
[(27.7,95.0);1.0] [(0.0,9.9);0.5] [(4.0,99.0);0.5] 2#[0;25;128;(13.9,31.7);5.0]
[(19.8,83.2);1.0] [(9.9,13.9);0.5] [(29.7,87.1);0.5] 2#[0;25;128;(81.2,46.5);5.0]
[(67.3,71.3);1.0] [(33.7,75.2);0.5] [(64.4,9.9);0.5] 2#[0;25;128;(68.3,39.6);5.0]
[(19.8,49.5);1.0] [(84.2,27.7);0.5] [(95.0,56.4);0.5] 2#[0;25;128;(36.6,28.7);5.0]
[(3.0,68.3);1.0] [(4.0,55.4);0.5] [(68.3,59.4);0.5] 2#[0;25;128;(37.6,27.7);5.0]
[(48.5,99.0);1.0] [(88.1,90.1);0.5] [(19.8,5.9);0.5] 2#[0;25;128;(94.1,0.0);5.0]
[(96.0,5.0);1.0] [(86.1,67.3);0.5] [(45.5,40.6);0.5] 2#[0;25;128;(26.7,26.7);5.0]
[(62.4,53.5);1.0] [(17.8,1.0);0.5] [(45.5,28.7);0.5] 2#[0;25;128;(47.5,39.6);5.0]
[(65.3,99.0);1.0] [(51.5,95.0);0.5] [(32.7,20.8);0.5] 2#[0;25;128;(41.6,45.5);5.0]
[(31.7,20.8);1.0] [(82.2,34.7);0.5] [(55.4,33.7);0.5] 2#[0;25;128;(5.9,8.9);5.0]
[(94.1,17.8);1.0] [(22.8,58.4);0.5] [(5.9,67.3);0.5] 2#[0;25;128;(64.4,94.1);5.0]
[(51.5,33.7);1.0] [(73.3,64.4);0.5] [(21.8,46.5);0.5] 2#[0;25;128;(8.9,93.1);5.0]
[(75.2,10.9);1.0] [(62.4,85.1);0.5] [(76.2,42.6);0.5] 2#[0;25;128;(82.2,48.5);5.0]
[(47.5,54.5);1.0] [(44.6,48.5);0.5] [(42.6,57.4);0.5] 2#[0;25;128;(89.1,36.6);5.0]
[(7.9,18.8);1.0] [(74.3,44.6);0.5] [(26.7,42.6);0.5] 2#[0;25;128;(58.4,10.9);5.0]
[(31.7,35.6);1.0] [(20.8,21.8);0.5] [(61.4,33.7);0.5] 2#[0;25;128;(46.5,43.6);5.0]
[(59.4,47.5);1.0] [(39.6,99.0);0.5] [(74.3,11.9);0.5] 2#[0;25;128;(43.6,33.7);5.0]
[(62.4,44.6);1.0] [(34.7,90.1);0.5] [(47.5,97.0);0.5] 2#[0;25;128;(20.8,88.1);5.0]
[(93.1,98.0);1.0] [(3.0,62.4);0.5] [(83.2,74.3);0.5] 2#[0;25;128;(57.4,87.1);5.0]
[(11.9,48.5);1.0] [(18.8,43.6);0.5] [(20.8,9.9);0.5] 2#[0;25;128;(43.6,67.3);5.0]
[(13.9,87.1);1.0] [(17.8,76.2);0.5] [(38.6,16.8);0.5] 2#[0;25;128;(19.8,24.8);5.0]
[(25.7,67.3);1.0] [(50.5,13.9);0.5] [(52.5,93.1);0.5] 2#[0;25;128;(3.0,9.9);5.0]
[(98.0,28.7);1.0] [(93.1,31.7);0.5] [(68.3,83.2);0.5] 2#[0;25;128;(9.9,35.6);5.0]
[(27.7,85.1);1.0] [(83.2,21.8);0.5] [(55.4,63.4);0.5] 2#[0;25;128;(62.4,52.5);5.0]
[(71.3,29.7);1.0] [(10.9,22.8);0.5] [(3.0,9.9);0.5] 2#[0;25;128;(98.0,99.0);5.0]
[(33.7,11.9);1.0] [(19.8,8.9);0.5] [(62.4,94.1);0.5] 2#[0;25;128;(28.7,57.4);5.0]
[(40.6,91.1);1.0] [(51.5,43.6);0.5] [(90.1,24.8);0.5] 2#[0;25;128;(28.7,42.6);5.0]
[(10.9,71.3);1.0] [(44.6,90.1);0.5] [(66.3,81.2);0.5] 2#[0;25;128;(65.3,64.4);5.0]
[(95.0,78.2);1.0] [(3.0,65.3);0.5] [(33.7,2.0);0.5] 2#[0;25;128;(66.3,8.9);5.0]
[(37.6,75.2);1.0] [(34.7,89.1);0.5] [(14.9,83.2);0.5] 2#[0;25;128;(68.3,28.7);5.0]
[(89.1,75.2);1.0] [(88.1,85.1);0.5] [(32.7,90.1);0.5] 2#[0;25;128;(52.5,78.2);5.0]
[(73.3,9.9);1.0] [(13.9,50.5);0.5] [(49.5,29.7);0.5] 2#[0;25;128;(50.5,47.5);5.0]
[(66.3,15.8);1.0] [(36.6,95.0);0.5] [(61.4,39.6);0.5] 2#[0;25;128;(69.3,18.8);5.0]
[(28.7,85.1);1.0] [(50.5,13.9);0.5] [(35.6,95.0);0.5] 2#[0;25;128;(72.3,29.7);5.0]
[(88.1,28.7);1.0] [(84.2,72.3);0.5] [(77.2,33.7);0.5] 2#[0;25;128;(57.4,2.0);5.0]
[(9.9,64.4);1.0] [(18.8,67.3);0.5] [(44.6,18.8);0.5] 2#[0;25;128;(23.8,27.7);5.0]
[(24.8,94.1);1.0] [(39.6,80.2);0.5] [(2.0,51.5);0.5] 2#[0;25;128;(14.9,69.3);5.0]
[(34.7,41.6);1.0] [(65.3,69.3);0.5] [(12.9,11.9);0.5] 2#[0;25;128;(46.5,32.7);5.0]
[(64.4,29.7);1.0] [(18.8,22.8);0.5] [(63.4,82.2);0.5] 2#[0;25;128;(38.6,37.6);5.0]
[(10.9,61.4);1.0] [(4.0,76.2);0.5] [(11.9,38.6);0.5] 2#[0;25;128;(68.3,78.2);5.0]
[(68.3,66.3);1.0] [(70.3,54.5);0.5] [(67.3,3.0);0.5] 2#[0;25;128;(10.9,47.5);5.0]
[(99.0,50.5);1.0] [(31.7,77.2);0.5] [(32.7,32.7);0.5] 2#[0;25;128;(98.0,95.0);5.0]
[(65.3,69.3);1.0] [(69.3,24.8);0.5] [(42.6,25.7);0.5] 2#[0;25;128;(23.8,72.3);5.0]
[(24.8,41.6);1.0] [(5.0,11.9);0.5] [(27.7,29.7);0.5] 2#[0;25;128;(1.0,70.3);5.0]
[(7.9,39.6);1.0] [(28.7,75.2);0.5] [(57.4,47.5);0.5] 2#[0;25;128;(88.1,55.4);5.0]
[(32.7,15.8);1.0] [(3.0,67.3);0.5] [(63.4,3.0);0.5] 2#[0;25;128;(8.9,64.4);5.0]
[(43.6,81.2);1.0] [(74.3,57.4);0.5] [(47.5,50.5);0.5] 2#[0;25;128;(52.5,46.5);5.0]
[(27.7,79.2);1.0] [(87.1,24.8);0.5] [(64.4,97.0);0.5] 2#[0;25;128;(60.4,21.8);5.0]
[(65.3,33.7);1.0] [(28.7,2.0);0.5] [(16.8,65.3);0.5] 2#[0;25;128;(43.6,97.0);5.0]
[(3.0,28.7);1.0] [(85.1,61.4);0.5] [(95.0,68.3);0.5] 2#[0;25;128;(84.2,33.7);5.0]
[(85.1,20.8);1.0] [(16.8,16.8);0.5] [(44.6,34.7);0.5] 2#[0;25;128;(11.9,7.9);5.0]
[(70.3,58.4);1.0] [(76.2,80.2);0.5] [(0.0,25.7);0.5] 2#[0;25;128;(36.6,94.1);5.0]
[(74.3,41.6);1.0] [(9.9,20.8);0.5] [(72.3,73.3);0.5] 2#[0;25;128;(59.4,42.6);5.0]
[(78.2,41.6);1.0] [(17.8,86.1);0.5] [(53.5,62.4);0.5] 2#[0;25;128;(21.8,84.2);5.0]
[(36.6,58.4);1.0] [(37.6,2.0);0.5] [(0.0,55.4);0.5] 2#[0;25;128;(7.9,83.2);5.0]
[(21.8,56.4);1.0] [(90.1,28.7);0.5] [(53.5,98.0);0.5] 2#[0;25;128;(92.1,75.2);5.0]
[(84.2,9.9);1.0] [(97.0,28.7);0.5] [(59.4,7.9);0.5] 2#[0;25;128;(21.8,98.0);5.0]
[(59.4,18.8);1.0] [(54.5,50.5);0.5] [(92.1,98.0);0.5] 2#[0;25;128;(72.3,47.5);5.0]
[(46.5,26.7);1.0] [(73.3,73.3);0.5] [(98.0,60.4);0.5] 2#[0;25;128;(97.0,2.0);5.0]
[(87.1,31.7);1.0] [(22.8,20.8);0.5] [(32.7,69.3);0.5] 2#[0;25;128;(68.3,1.0);5.0]
[(54.5,47.5);1.0] [(78.2,90.1);0.5] [(73.3,79.2);0.5] 2#[0;25;128;(58.4,72.3);5.0]
[(11.9,78.2);1.0] [(54.5,36.6);0.5] [(4.0,89.1);0.5] 2#[0;25;128;(77.2,14.9);5.0]
[(12.9,80.2);1.0] [(2.0,50.5);0.5] [(90.1,53.5);0.5] 2#[0;25;128;(9.9,7.9);5.0]
[(70.3,53.5);1.0] [(59.4,15.8);0.5] [(48.5,94.1);0.5] 2#[0;25;128;(53.5,67.3);5.0]
[(56.4,60.4);1.0] [(98.0,21.8);0.5] [(99.0,24.8);0.5] 2#[0;25;128;(17.8,49.5);5.0]
[(17.8,38.6);1.0] [(4.0,9.9);0.5] [(99.0,28.7);0.5] 2#[0;25;128;(24.8,26.7);5.0]
[(87.1,47.5);1.0] [(52.5,34.7);0.5] [(36.6,93.1);0.5] 2#[0;25;128;(44.6,54.5);5.0]
[(78.2,91.1);1.0] [(83.2,93.1);0.5] [(75.2,25.7);0.5] 2#[0;25;128;(37.6,67.3);5.0]
[(27.7,58.4);1.0] [(17.8,75.2);0.5] [(28.7,96.0);0.5] 2#[0;25;128;(22.8,7.9);5.0]
[(22.8,86.1);1.0] [(70.3,47.5);0.5] [(62.4,24.8);0.5] 2#[0;25;128;(50.5,36.6);5.0]
[(65.3,13.9);1.0] [(99.0,63.4);0.5] [(76.2,53.5);0.5] 2#[0;25;128;(66.3,0.0);5.0]
[(97.0,5.9);1.0] [(27.7,70.3);0.5] [(20.8,93.1);0.5] 2#[0;25;128;(70.3,43.6);5.0]
[(88.1,90.1);1.0] [(6.9,64.4);0.5] [(58.4,81.2);0.5] 2#[0;25;128;(79.2,95.0);5.0]
[(94.1,51.5);1.0] [(36.6,30.7);0.5] [(6.9,19.8);0.5] 2#[0;25;128;(23.8,86.1);5.0]
[(43.6,2.0);1.0] [(91.1,67.3);0.5] [(78.2,97.0);0.5] 2#[0;25;128;(66.3,75.2);5.0]
[(28.7,4.0);1.0] [(15.8,57.4);0.5] [(27.7,94.1);0.5] 2#[0;25;128;(92.1,29.7);5.0]
[(21.8,64.4);1.0] [(45.5,42.6);0.5] [(52.5,38.6);0.5] 2#[0;25;128;(63.4,87.1);5.0]
[(78.2,44.6);1.0] [(55.4,2.0);0.5] [(75.2,3.0);0.5] 2#[0;25;128;(70.3,34.7);5.0]
[(91.1,65.3);1.0] [(83.2,38.6);0.5] [(76.2,81.2);0.5] 2#[0;25;128;(21.8,53.5);5.0]
[(0.0,83.2);1.0] [(35.6,69.3);0.5] [(36.6,55.4);0.5] 2#[0;25;128;(17.8,11.9);5.0]
[(8.9,93.1);1.0] [(32.7,2.0);0.5] [(96.0,15.8);0.5] 2#[0;25;128;(11.9,40.6);5.0]
[(83.2,42.6);1.0] [(21.8,54.5);0.5] [(89.1,23.8);0.5] 2#[0;25;128;(23.8,86.1);5.0]
[(11.9,5.0);1.0] [(35.6,94.1);0.5] [(66.3,65.3);0.5] 2#[0;25;128;(82.2,89.1);5.0]
[(96.0,5.9);1.0] [(38.6,78.2);0.5] [(49.5,79.2);0.5] 2#[0;25;128;(83.2,61.4);5.0]
[(51.5,7.9);1.0] [(67.3,1.0);0.5] [(41.6,31.7);0.5] 2#[0;25;128;(55.4,42.6);5.0]
[(66.3,67.3);1.0] [(50.5,15.8);0.5] [(63.4,53.5);0.5] 2#[0;25;128;(65.3,31.7);5.0]
[(96.0,50.5);1.0] [(90.1,16.8);0.5] [(65.3,80.2);0.5] 2#[0;25;128;(49.5,22.8);5.0]
[(88.1,90.1);1.0] [(16.8,95.0);0.5] [(1.0,52.5);0.5] 2#[0;25;128;(25.7,65.3);5.0]
[(47.5,66.3);1.0] [(5.0,0.0);0.5] [(71.3,45.5);0.5] 2#[0;25;128;(12.9,35.6);5.0]
[(14.9,37.6);1.0] [(35.6,80.2);0.5] [(8.9,60.4);0.5] 2#[0;25;128;(26.7,15.8);5.0]
[(80.2,95.0);1.0] [(25.7,60.4);0.5] [(54.5,57.4);0.5] 2#[0;25;128;(75.2,51.5);5.0]
[(61.4,47.5);1.0] [(40.6,2.0);0.5] [(0.0,74.3);0.5] 2#[0;25;128;(51.5,99.0);5.0]
[(40.6,57.4);1.0] [(95.0,36.6);0.5] [(24.8,37.6);0.5] 2#[0;25;128;(62.4,61.4);5.0]
[(94.1,4.0);1.0] [(83.2,6.9);0.5] [(70.3,27.7);0.5] 2#[0;25;128;(2.0,37.6);5.0]
[(74.3,12.9);1.0] [(78.2,18.8);0.5] [(47.5,41.6);0.5] 2#[0;25;128;(24.8,30.7);5.0]
[(21.8,68.3);1.0] [(41.6,36.6);0.5] [(95.0,79.2);0.5] 2#[0;25;128;(6.9,10.9);5.0]
[(21.8,71.3);1.0] [(54.5,93.1);0.5] [(41.6,26.7);0.5] 2#[0;25;128;(22.8,80.2);5.0]
[(71.3,15.8);1.0] [(50.5,50.5);0.5] [(80.2,43.6);0.5] 2#[0;25;128;(85.1,5.0);5.0]
[(66.3,39.6);1.0] [(99.0,52.5);0.5] [(3.0,8.9);0.5] 2#[0;25;128;(31.7,17.8);5.0]
[(88.1,5.9);1.0] [(16.8,45.5);0.5] [(17.8,72.3);0.5] 2#[0;25;128;(6.9,13.9);5.0]
[(45.5,59.4);1.0] [(36.6,54.5);0.5] [(91.1,77.2);0.5] 2#[0;25;128;(90.1,16.8);5.0]
[(80.2,67.3);1.0] [(34.7,56.4);0.5] [(94.1,84.2);0.5] 2#[0;25;128;(55.4,1.0);5.0]
[(43.6,44.6);1.0] [(83.2,51.5);0.5] [(5.0,39.6);0.5] 2#[0;25;128;(98.0,13.9);5.0]
[(61.4,56.4);1.0] [(75.2,9.9);0.5] [(94.1,95.0);0.5] 2#[0;25;128;(65.3,72.3);5.0]
[(98.0,12.9);1.0] [(37.6,87.1);0.5] [(26.7,38.6);0.5] 2#[0;25;128;(29.7,46.5);5.0]
[(28.7,33.7);1.0] [(31.7,6.9);0.5] [(51.5,1.0);0.5] 2#[0;25;128;(17.8,4.0);5.0]
[(18.8,12.9);1.0] [(64.4,83.2);0.5] [(10.9,4.0);0.5] 2#[0;25;128;(33.7,81.2);5.0]
[(79.2,60.4);1.0] [(76.2,15.8);0.5] [(92.1,92.1);0.5] 2#[0;25;128;(43.6,48.5);5.0]
[(75.2,74.3);1.0] [(69.3,30.7);0.5] [(77.2,64.4);0.5] 2#[0;25;128;(74.3,89.1);5.0]
[(12.9,23.8);1.0] [(84.2,21.8);0.5] [(66.3,58.4);0.5] 2#[0;25;128;(91.1,6.9);5.0]
[(21.8,60.4);1.0] [(14.9,56.4);0.5] [(76.2,14.9);0.5] 2#[0;25;128;(89.1,73.3);5.0]
[(17.8,22.8);1.0] [(84.2,12.9);0.5] [(54.5,26.7);0.5] 2#[0;25;128;(70.3,78.2);5.0]
[(32.7,42.6);1.0] [(78.2,5.0);0.5] [(45.5,17.8);0.5] 2#[0;25;128;(79.2,89.1);5.0]
[(23.8,26.7);1.0] [(92.1,79.2);0.5] [(83.2,62.4);0.5] 2#[0;25;128;(24.8,92.1);5.0]
[(72.3,31.7);1.0] [(57.4,19.8);0.5] [(74.3,5.9);0.5] 2#[0;25;128;(13.9,67.3);5.0]
[(38.6,65.3);1.0] [(85.1,60.4);0.5] [(41.6,73.3);0.5] 2#[0;25;128;(79.2,13.9);5.0]
[(98.0,81.2);1.0] [(16.8,3.0);0.5] [(30.7,19.8);0.5] 2#[0;25;128;(90.1,14.9);5.0]
[(58.4,92.1);1.0] [(11.9,63.4);0.5] [(22.8,8.9);0.5] 2#[0;25;128;(71.3,2.0);5.0]
[(42.6,56.4);1.0] [(2.0,13.9);0.5] [(24.8,29.7);0.5] 2#[0;25;128;(36.6,21.8);5.0]
[(53.5,71.3);1.0] [(96.0,75.2);0.5] [(85.1,40.6);0.5] 2#[0;25;128;(66.3,43.6);5.0]
[(6.9,89.1);1.0] [(69.3,34.7);0.5] [(89.1,94.1);0.5] 2#[0;25;128;(57.4,5.9);5.0]
[(78.2,72.3);1.0] [(73.3,63.4);0.5] [(96.0,31.7);0.5] 2#[0;25;128;(85.1,71.3);5.0]
[(81.2,57.4);1.0] [(72.3,28.7);0.5] [(95.0,95.0);0.5] 2#[0;25;128;(20.8,23.8);5.0]
[(33.7,18.8);1.0] [(28.7,57.4);0.5] [(63.4,0.0);0.5] 2#[0;25;128;(23.8,7.9);5.0]
[(40.6,99.0);1.0] [(15.8,75.2);0.5] [(42.6,20.8);0.5] 2#[0;25;128;(82.2,5.9);5.0]
[(25.7,57.4);1.0] [(65.3,10.9);0.5] [(71.3,95.0);0.5] 2#[0;25;128;(36.6,56.4);5.0]
[(51.5,62.4);1.0] [(0.0,21.8);0.5] [(52.5,12.9);0.5] 2#[0;25;128;(7.9,37.6);5.0]
[(68.3,91.1);1.0] [(62.4,79.2);0.5] [(88.1,40.6);0.5] 2#[0;25;128;(99.0,83.2);5.0]
[(15.8,6.9);1.0] [(48.5,43.6);0.5] [(12.9,59.4);0.5] 2#[0;25;128;(49.5,13.9);5.0]
[(84.2,92.1);1.0] [(94.1,89.1);0.5] [(95.0,54.5);0.5] 2#[0;25;128;(57.4,47.5);5.0]
[(84.2,82.2);1.0] [(23.8,39.6);0.5] [(1.0,25.7);0.5] 2#[0;25;128;(66.3,84.2);5.0]
[(13.9,50.5);1.0] [(10.9,95.0);0.5] [(71.3,76.2);0.5] 2#[0;25;128;(36.6,36.6);5.0]
[(9.9,85.1);1.0] [(89.1,37.6);0.5] [(57.4,0.0);0.5] 2#[0;25;128;(50.5,62.4);5.0]
[(38.6,27.7);1.0] [(76.2,10.9);0.5] [(91.1,40.6);0.5] 2#[0;25;128;(85.1,96.0);5.0]
[(71.3,5.9);1.0] [(11.9,36.6);0.5] [(6.9,20.8);0.5] 2#[0;25;128;(12.9,38.6);5.0]
[(14.9,1.0);1.0] [(29.7,81.2);0.5] [(60.4,14.9);0.5] 2#[0;25;128;(1.0,52.5);5.0]
[(63.4,51.5);1.0] [(76.2,52.5);0.5] [(73.3,99.0);0.5] 2#[0;25;128;(66.3,57.4);5.0]
[(33.7,28.7);1.0] [(46.5,33.7);0.5] [(70.3,0.0);0.5] 2#[0;25;128;(81.2,55.4);5.0]
[(93.1,18.8);1.0] [(80.2,5.0);0.5] [(31.7,69.3);0.5] 2#[0;25;128;(26.7,98.0);5.0]
[(61.4,4.0);1.0] [(14.9,10.9);0.5] [(23.8,15.8);0.5] 2#[0;25;128;(17.8,50.5);5.0]
[(53.5,44.6);1.0] [(90.1,66.3);0.5] [(61.4,24.8);0.5] 2#[0;25;128;(50.5,1.0);5.0]
[(21.8,63.4);1.0] [(88.1,15.8);0.5] [(5.0,12.9);0.5] 2#[0;25;128;(43.6,46.5);5.0]
[(17.8,74.3);1.0] [(44.6,18.8);0.5] [(96.0,25.7);0.5] 2#[0;25;128;(26.7,9.9);5.0]
[(95.0,6.9);1.0] [(8.9,37.6);0.5] [(28.7,2.0);0.5] 2#[0;25;128;(12.9,99.0);5.0]
[(83.2,62.4);1.0] [(84.2,52.5);0.5] [(77.2,53.5);0.5] 2#[0;25;128;(39.6,37.6);5.0]
[(32.7,10.9);1.0] [(78.2,51.5);0.5] [(96.0,97.0);0.5] 2#[0;25;128;(61.4,22.8);5.0]
[(81.2,32.7);1.0] [(45.5,26.7);0.5] [(14.9,13.9);0.5] 2#[0;25;128;(42.6,41.6);5.0]
[(84.2,59.4);1.0] [(57.4,30.7);0.5] [(45.5,12.9);0.5] 2#[0;25;128;(58.4,76.2);5.0]
[(61.4,92.1);1.0] [(88.1,30.7);0.5] [(49.5,77.2);0.5] 2#[0;25;128;(85.1,94.1);5.0]
[(67.3,84.2);1.0] [(0.0,50.5);0.5] [(68.3,59.4);0.5] 2#[0;25;128;(72.3,7.9);5.0]
[(44.6,73.3);1.0] [(22.8,35.6);0.5] [(8.9,52.5);0.5] 2#[0;25;128;(30.7,1.0);5.0]
[(39.6,1.0);1.0] [(2.0,89.1);0.5] [(50.5,16.8);0.5] 2#[0;25;128;(22.8,5.0);5.0]
[(95.0,9.9);1.0] [(17.8,81.2);0.5] [(81.2,46.5);0.5] 2#[0;25;128;(55.4,70.3);5.0]
[(8.9,10.9);1.0] [(41.6,84.2);0.5] [(95.0,98.0);0.5] 2#[0;25;128;(24.8,33.7);5.0]
[(69.3,14.9);1.0] [(83.2,32.7);0.5] [(85.1,84.2);0.5] 2#[0;25;128;(57.4,22.8);5.0]
[(67.3,14.9);1.0] [(92.1,18.8);0.5] [(31.7,36.6);0.5] 2#[0;25;128;(83.2,70.3);5.0]
[(67.3,16.8);1.0] [(3.0,71.3);0.5] [(89.1,43.6);0.5] 2#[0;25;128;(97.0,9.9);5.0]
[(21.8,73.3);1.0] [(92.1,13.9);0.5] [(80.2,71.3);0.5] 2#[0;25;128;(8.9,76.2);5.0]
