0 1842138
1 2779684
2 12082753
3 2495088
4 17923890
5 1229021
6 4726435
7 1396153
8 1743257
9 2583767
10 2219117
11 13029576
12 1900811
13 15803199
14 709111
15 12560957
16 379419
17 2335387
18 1384406
19 2306584
20 1597339
21 3235722
22 1298848
23 3652223
24 3836609
25 2697866
26 18637253
27 2302793
28 3649204
29 12948214
30 3039909
31 595300
32 2423915
33 1114753
34 1176125
35 7606711
36 2539782
37 1633236
38 15183322
39 271143
40 16583042
41 865269
42 3449888
43 3765516
44 9565112
45 4135992
46 15803775
47 3279530
48 13312431
49 650854
50 9964529
51 2900796
52 3924704
53 1641441
54 10594799
55 2955440
56 2861664
57 2006026
58 1024979
59 11956653
60 11253770
61 12338623
62 5337766
63 2851641
64 1280100
65 10588238
66 752087
67 12915249
68 2712978
69 15104334
70 14217854
71 619544
72 3978724
73 873559
74 11456361
75 12333545
76 231801
77 3039934
78 2611463
79 1287739
80 14778095
81 1215063
82 13900712
83 10634993
84 7250201
85 360860
86 10103715
87 254615
88 1312908
89 1611589
90 2428112
91 1911336
92 5121317
93 3263976
94 9167666
95 15662790
96 1802241
97 14891944
98 1191440
99 17683986
100 1104771
101 2207700
102 2927709
103 1443439
104 999073
105 2841312
106 10179979
107 4314768
108 247964
109 2010013
110 1736194
111 2303960
112 1204678
113 12139306
114 2139068
115 1263141
116 734152
117 3076427
118 644356
119 3645043
120 13026300
121 3006672
122 1267706
123 12827612
124 1585886
125 1381943
126 13912195
127 219985
128 12962271
129 14151640
130 3836959
131 1980929
132 3047044
133 1389756
134 2202887
135 208675
136 2701008
137 13751238
138 11143397
139 1462242
140 1448921
141 3124605
142 365010
143 2476974
144 13824806
145 4407579
146 1480957
147 2024862
148 1152194
149 14799790
150 183597
151 1333237
152 1026781
153 1097552
154 168265
155 10041415
156 1283926
157 1390596
158 13137839
159 10700119
160 954838
161 1341198
162 969431
163 584170
164 4856074
165 13958257
166 2663515
167 2802171
168 3240755
169 1424759
170 876611
171 1679398
172 2337019
173 8036227
174 2635314
175 12410909
176 2047040
177 348238
178 12370527
179 1725264
180 12918765
181 716945
182 11641888
183 10089887
184 2984994
185 12965728
186 832002
187 1405041
188 103797
189 13241729
190 2735681
191 3951742
192 2245370
193 3069881
194 1623006
195 2209041
196 18783690
197 15616556
198 4810440
199 822324
200 1650533
201 1535282
202 11981655
203 2777715
204 3577180
205 1390302
206 705221
207 12444055
208 14078863
209 908043
210 1854880
211 1666621
212 1535974
213 2688170
214 2402239
215 8912431
216 11317595
217 958281
218 14199698
219 3955425
220 2379783
221 1559248
222 1900186
223 3362016
224 703936
225 1983527
226 1120491
227 759778
228 2867377
229 2194579
230 1522810
231 10394630
232 3019485
233 3196986
234 867920
235 2251377
236 2281953
237 3398025
238 10401977
239 1752211
240 14026455
241 1688309
242 7851011
243 1998912
244 668437
245 645605
246 1303514
247 1707729
248 1454727
249 16192444
250 3533249
251 2022406
252 15720599
253 1817959
254 1074617
255 11672989
256 2380338
257 1986240
258 2430893
259 1645159
260 3481645
261 2483411
262 13545631
263 1341385
264 2684971
265 17374394
266 3966302
267 13814643
268 16535924
269 4482513
270 10001772
271 2438063
272 1258804
273 10669829
274 275 2090027
276 2179563
277 1320031
278 10524429
279 2271152
280 2169077
281 12932690
282 3288306
283 11060861
284 1629262
285 3462992
286 13932266
287 2190400
288 2008757
289 1983994
290 3906364
291 218946
292 2085585
293 11136828
294 2283237
295 1651423
296 17033613
297 179125
298 1151880
299 2956500
300 19375442
301 2931727
302 1535509
303 1644081
304 1918976
305 1024762
306 2674812
307 15025381
308 4387276
309 2255735
310 14831327
311 4865738
312 16155644
313 4327145
314 4034949
315 12419099
316 787078
317 3094576
318 19019512
319 3013425
320 6207010
321 16849902
322 513814
323 16473044
324 2697662
325 17274586
326 3151962
327 187599
328 1081410
329 2193462
330 2326952
331 2972310
332 1471550
333 1886047
334 1443103
335 1443404
336 3867944
337 12910323
338 1297354
339 245052
340 2009874
341 360695
342 2620017
343 9425534
344 732723
345 2661315
346 1858274
347 16072123
348 3955249
349 3626294
350 761751
351 2347556
352 1782145
353 14492204
354 18083653
355 561034
356 3747040
357 2903421
358 18300623
359 5006699
360 2123202
361 5981389
362 13502382
363 3033279
364 2496347
365 972342
366 2312890
367 1364781
368 6002337
369 12678328
370 8305888
371 653903
372 524040
373 2168537
374 13334927
375 1733063
376 14081536
377 178365
378 13702689
379 13270106
380 606165
381 15735392
382 2702669
383 2208017
384 862234
385 3145209
386 13969355
387 4098301
388 13679913
389 2642407
390 2572908
391 12432576
392 2884457
393 2579562
394 2145219
395 2305658
396 4644710
397 11790672
398 12231076
399 7791215
400 880580
401 2073327
402 2329705
403 263276
404 15854518
405 6081126
406 3257310
407 2749901
408 1288354
409 22785622
410 559310
411 1997800
412 10229457
413 15488055
414 3837809
415 14088314
416 6813621
417 1338422
418 1605777
419 15181269
420 12379610
421 2157395
422 296992
423 2325825
424 10436216
425 12142396
426 11219282
427 721221
428 1551317
429 17886928
430 18926739
431 5231394
432 3462593
433 1517940
434 3794606
435 9665233
436 12344392
437 2592267
438 2529132
439 2357863
440 14596106
441 15041928
442 4641431
443 5617132
444 13708473
445 9595007
446 15813112
447 976765
448 10833711
449 15766444
450 687779
451 234973
452 2688410
453 13804633
454 1177295
455 2173487
456 410892
457 3140832
458 3178149
459 4265905
460 155396
461 1056182
